railway;;52.306014,6.931118;52.306093,6.932005
railway;;52.302349,6.915379;52.303921,6.921420
railway;;52.302290,6.915154;52.302349,6.915379
railway;Prins Bernhardpark;52.268014,6.924559;52.269926,6.925846
railway;Amelinkpad;52.238476,6.901262;52.242452,6.904866
railway;;52.299151,6.905010;52.299242,6.905255
wall;;52.306354,6.925759;52.306190,6.926465;52.305836,6.925948;52.305905,6.925766;52.306354,6.925759
fence;;52.234221,6.877081;52.233735,6.876893;52.234094,6.876293;52.234104,6.875713;52.234275,6.875625;52.234221,6.877081
fence;;52.319440,6.897822;52.319012,6.899094;52.318549,6.898676;52.318977,6.897405;52.319440,6.897822
fence;;52.318593,6.898473;52.318130,6.898060;52.318556,6.896782;52.319020,6.897196;52.318593,6.898473
stream;Koppelleiding;52.290391,6.882211;52.288607,6.877280
railway;;52.305986,6.930821;52.305971,6.930364
railway;;52.305998,6.931350;52.305952,6.930847
railway;;52.299179,6.904971;52.283630,6.863528;52.272739,6.829562;52.268907,6.819443
railway;;52.303952,6.921399;52.302389,6.915386
railway;;52.306171,6.932351;52.306022,6.930824
railway;;52.306014,6.931118;52.306171,6.932351
railway;;52.302389,6.915386;52.302331,6.915161
railway;;52.299271,6.905215;52.299179,6.904971
railway;;52.302331,6.915161;52.302143,6.914434
railway;;52.306935,6.944025;52.306007,6.931744
fence;;52.236768,6.886883;52.236598,6.886930
railway;Amelinkpad;52.242452,6.904866;52.246204,6.908231
stream;Jufferbeek;52.274374,6.929946;52.274558,6.929805;52.275223,6.930124
stream;Roombeek;52.233615,6.899757;52.233637,6.898993
stream;;52.296086,6.908614;52.296813,6.907663
fence;;52.237136,6.899115;52.237170,6.898700;52.236794,6.898606;52.236758,6.899032;52.237136,6.899115
stream;Hoge Boekelerbeek;52.235813,6.928028;52.235581,6.928127
stream;Hoge Boekelerbeek;52.232532,6.931878;52.232526,6.932139;52.232128,6.932179;52.232007,6.931772;52.231926,6.931805;52.231376,6.929726;52.230673,6.930576;52.230730,6.930789
fence;110 kV Oldenzaal;52.305408,6.917815;52.305162,6.918710;52.305376,6.918871;52.305134,6.919751;52.304931,6.919835;52.304585,6.918924;52.304968,6.917486;52.305408,6.917815
stream;Roombeek;52.232858,6.872060;52.233286,6.871140;52.233129,6.870224
stream;Roombeek;52.232783,6.872108;52.232858,6.872060
railway;Enschede-Oldenzaal;52.250109,6.910704;52.251351,6.911157;52.252998,6.912583
stream;Hoge Boekelerbeek;52.232532,6.931878;52.232594,6.931877
stream;;52.298119,6.902030;52.298191,6.901492;52.298446,6.901385;52.299024,6.900451;52.299153,6.899348;52.299605,6.899070;52.299712,6.898760;52.300035,6.898539
stream;;52.298119,6.902030;52.298017,6.902156
stream;;52.296858,6.907591;52.296813,6.907663
stream;;52.296858,6.907591;52.297078,6.907123;52.297689,6.906855;52.298674,6.905484;52.298549,6.904777;52.298681,6.904644
stream;;52.298681,6.904644;52.298704,6.904297;52.297993,6.902621;52.298017,6.902156
ditch;;52.302126,6.901827;52.300572,6.903815
ditch;;52.299724,6.904857;52.299527,6.905430;52.300693,6.908595;52.300660,6.908881
ditch;;52.300514,6.909018;52.300326,6.909298;52.300829,6.914289
ditch;;52.302857,6.900062;52.302806,6.900121
ditch;;52.302806,6.900121;52.302781,6.900146
ditch;;52.302284,6.901587;52.302126,6.901827
ditch;;52.300829,6.914289;52.300826,6.914353
ditch;;52.302918,6.900947;52.302386,6.901459
ditch;;52.302781,6.900146;52.302747,6.900195
stream;Stakenbeek;52.300605,6.915772;52.300685,6.915551
ditch;;52.300660,6.908881;52.300514,6.909018
ditch;Gammelkerbeek;52.302926,6.898038;52.302883,6.898201
ditch;;52.302386,6.901459;52.302284,6.901587
stream;Stakenbeek;52.300685,6.915551;52.300826,6.914353
ditch;;52.302747,6.900195;52.302918,6.900947
railway;;52.306240,6.933086;52.306171,6.932351
stream;Roombeek;52.233274,6.909868;52.233272,6.909262;52.233397,6.908916;52.233216,6.908584
stream;Roombeek;52.233062,6.905483;52.233327,6.905296;52.233514,6.904889;52.233521,6.903887
stream;Roombeek;52.233151,6.906624;52.233166,6.906582
stream;Roombeek;52.233208,6.906326;52.233062,6.905483
stream;Roombeek;52.233166,6.906582;52.233208,6.906326
stream;Esbeek;52.256485,6.923616;52.256463,6.920701;52.256513,6.920522;52.256700,6.920501
fence;;52.254913,6.881274;52.254889,6.881282
fence;;52.254897,6.881460;52.254873,6.881470
fence;;52.251867,6.894355;52.252351,6.894567;52.252600,6.893240
fence;;52.251892,6.894290;52.251867,6.894355
fence;;52.286049,6.877543;52.285759,6.877784;52.285823,6.877942;52.286095,6.877650;52.286049,6.877543
fence;;52.267154,6.899095;52.268762,6.904956;52.267927,6.906127;52.267052,6.905737;52.266906,6.906516;52.266540,6.906405;52.266258,6.909808;52.265846,6.911975
fence;;52.263773,6.897161;52.267154,6.899095
fence;;52.266131,6.912248;52.264993,6.911552;52.265457,6.908840;52.265604,6.907181;52.265352,6.907088;52.265854,6.902283;52.265825,6.900850;52.266198,6.900878;52.266368,6.898746
fence;;52.271007,6.912736;52.271028,6.913193;52.267328,6.911443;52.267144,6.912600;52.266131,6.912248
stream;;52.233614,6.896869;52.233646,6.896914
stream;;52.233640,6.896909;52.233644,6.896897
stream;;52.233615,6.896886;52.233620,6.896874
stream;;52.233625,6.896879;52.233621,6.896891
stream;;52.233628,6.896898;52.233632,6.896886
stream;;52.233638,6.896891;52.233634,6.896904
stream;Roombeek;52.233650,6.896902;52.231563,6.894839;52.231538,6.894630
wall;;52.233161,6.894741;52.233696,6.894920
wall;;52.232312,6.894455;52.232334,6.894462
wall;;52.232367,6.894473;52.232391,6.894481
ditch;Roombeek;52.233521,6.903887;52.233606,6.903392;52.233487,6.903316;52.233615,6.899757
fence;;52.266368,6.898746;52.267007,6.899008
stream;;52.235555,6.904820;52.235420,6.905013;52.235400,6.905625;52.235984,6.905598
stream;Stakenbeek;52.301621,6.929157;52.300674,6.924278;52.300682,6.923754
stream;Stakenbeek;52.300682,6.923754;52.300628,6.923283
stream;Stakenbeek;52.300628,6.923283;52.300625,6.923153
stream;Stakenbeek;52.300625,6.923153;52.300606,6.921755
stream;Stakenbeek;52.300606,6.921755;52.300496,6.921063;52.300467,6.918550;52.300289,6.917064;52.300346,6.916167;52.300605,6.915772
railway;Enschede-Oldenzaal;52.303780,6.930659;52.302711,6.930220;52.301397,6.930190
railway;Enschede-Oldenzaal;52.292668,6.929933;52.294937,6.930017;52.297608,6.930378
stream;;52.236301,6.873258;52.236878,6.872371;52.236275,6.871262;52.236453,6.870703
railway;Enschede-Oldenzaal;52.255970,6.915066;52.252998,6.912583
railway;;52.283066,6.929289;52.277561,6.928872;52.274344,6.928291;52.269926,6.925846
railway;;52.293165,6.933189;52.295588,6.931092
wall;;52.232637,6.894562;52.232918,6.894712
stream;Koppelleiding;52.286732,6.872259;52.283489,6.863729
stream;Koppelleiding;52.288607,6.877280;52.288553,6.877132
stream;Koppelleiding;52.286827,6.872519;52.286732,6.872259
stream;Koppelleiding;52.288553,6.877132;52.286827,6.872519
stream;Roombeek;52.233210,6.908423;52.233219,6.907705
stream;Roombeek;52.233216,6.908584;52.233210,6.908423
stream;Roombeek;52.233219,6.907705;52.232993,6.907380
stream;Roombeek;52.232993,6.907380;52.232993,6.906891;52.233151,6.906624
railway;;52.305998,6.931350;52.305987,6.930836
hedge;;52.240592,6.904992;52.240687,6.904504;52.241818,6.904547;52.242356,6.905166;52.242364,6.905831
fence;;52.240545,6.906656;52.240438,6.906661;52.240435,6.906913;52.240540,6.906889;52.240545,6.906656
railway;Enschede-Oldenzaal;52.237322,6.900328;52.234513,6.897738
fence;;52.234508,6.897797;52.234990,6.898230
fence;;52.236565,6.899597;52.237108,6.900098
fence;;52.233566,6.892639;52.233558,6.892819;52.233966,6.892774;52.233566,6.892639
wall;;52.235580,6.892105;52.235337,6.892071
wall;;52.235106,6.889884;52.235039,6.889506
wall;;52.234632,6.889517;52.234755,6.888859
hedge;;52.235581,6.894938;52.235658,6.894622
hedge;;52.235578,6.894973;52.235596,6.895320
wall;;52.239464,6.896063;52.239442,6.895539
wall;;52.235857,6.890268;52.235860,6.890272
wall;;52.235429,6.890139;52.235517,6.890174
wall;;52.235799,6.890246;52.235747,6.890239
wall;;52.235712,6.890233;52.235630,6.890211
wall;;52.235847,6.890510;52.235856,6.890353
hedge;;52.232626,6.890215;52.232026,6.890003
fence;;52.232775,6.896984;52.232756,6.896975
hedge;;52.234510,6.882969;52.233382,6.883090;52.233114,6.883390;52.233232,6.883712;52.233569,6.883784;52.233604,6.883607
hedge;;52.233681,6.883970;52.233238,6.883843;52.233225,6.884036
fence;;52.234448,6.885485;52.234510,6.882969
hedge;;52.232154,6.893501;52.232363,6.893466
hedge;;52.232369,6.893416;52.232335,6.893321
hedge;;52.232474,6.877455;52.232279,6.877416
ditch;;52.234765,6.919716;52.234863,6.919033
ditch;;52.234705,6.919886;52.234765,6.919716
ditch;;52.234705,6.919886;52.234490,6.920422
stream;Vanekerbeek;52.243537,6.904915;52.243245,6.904132
stream;Vanekerbeek;52.242734,6.900404;52.242756,6.900213
stream;Vanekerbeek;52.242381,6.901774;52.242309,6.901214
stream;Vanekerbeek;52.242596,6.902606;52.242497,6.902372
stream;Vanekerbeek;52.243739,6.905452;52.243562,6.904992
stream;Vanekerbeek;52.243245,6.904132;52.243211,6.904052
stream;Vanekerbeek;52.243562,6.904992;52.243537,6.904915
stream;Vanekerbeek;52.242309,6.901214;52.242355,6.900560;52.242734,6.900404
stream;Vanekerbeek;52.243211,6.904052;52.242596,6.902606
stream;Vanekerbeek;52.242497,6.902372;52.242400,6.901901
stream;Vanekerbeek;52.242400,6.901901;52.242381,6.901774
stream;Vanekerbeek;52.243869,6.883460;52.243928,6.883154
stream;Vanekerbeek;52.242814,6.899710;52.242824,6.899629
stream;Vanekerbeek;52.242756,6.900213;52.242814,6.899710
stream;Vanekerbeek;52.242805,6.894014;52.242319,6.890261
stream;Vanekerbeek;52.243608,6.884762;52.243869,6.883460
stream;Vanekerbeek;52.243544,6.884850;52.243608,6.884762
stream;Vanekerbeek;52.242813,6.894103;52.242805,6.894014
stream;Vanekerbeek;52.242176,6.890063;52.242055,6.889810;52.241894,6.887985
stream;Vanekerbeek;52.242319,6.890261;52.242176,6.890063
stream;Vanekerbeek;52.242993,6.896237;52.242978,6.896055
stream;Vanekerbeek;52.242824,6.899629;52.243000,6.897878;52.242993,6.896237
stream;Vanekerbeek;52.242892,6.894939;52.242813,6.894103
stream;Vanekerbeek;52.241894,6.887985;52.241887,6.887910
stream;Vanekerbeek;52.241887,6.887910;52.241771,6.885921;52.243036,6.885389;52.243544,6.884850
stream;Esbeek;52.254772,6.891876;52.254813,6.891661
stream;Esbeek;52.255184,6.887981;52.255169,6.885573
stream;Esbeek;52.254640,6.892612;52.254765,6.892036
stream;Esbeek;52.254883,6.881471;52.254903,6.881273
stream;Esbeek;52.255350,6.889378;52.255348,6.889189
stream;Esbeek;52.255348,6.889189;52.255199,6.888170
stream;Esbeek;52.255199,6.888170;52.255184,6.887981
stream;Esbeek;52.254813,6.891661;52.254850,6.891501
stream;Esbeek;52.255173,6.885437;52.254993,6.884224;52.254807,6.884271;52.254696,6.884063;52.254883,6.881471
stream;Esbeek;52.255169,6.885573;52.255173,6.885437
stream;Esbeek;52.254765,6.892036;52.254772,6.891876
stream;Esbeek;52.254566,6.893091;52.254575,6.893010
stream;Esbeek;52.254575,6.893010;52.254640,6.892612
stream;Esbeek;52.254903,6.881273;52.254991,6.879058
stream;Esbeek;52.254850,6.891501;52.254885,6.890403;52.255350,6.889378
hedge;;52.307958,6.932332;52.307833,6.932479
hedge;;52.310972,6.931012;52.310891,6.931107
hedge;;52.310989,6.931059;52.310905,6.931162
stream;Esbeek;52.254991,6.879058;52.255056,6.878653
stream;Eschbeek;52.255056,6.878653;52.255166,6.878156;52.254988,6.877618;52.255144,6.876766;52.255422,6.876349
stream;Eschbeek;52.254658,6.875694;52.254155,6.875632;52.253812,6.875295;52.253977,6.874944;52.253838,6.874839;52.253838,6.874501
railway;;52.305958,6.930129;52.305604,6.927798
railway;;52.306982,6.944592;52.306923,6.942213;52.305998,6.931350
railway;;52.306935,6.944025;52.306007,6.931744
railway;;52.306007,6.931744;52.305998,6.931350
railway;;52.303921,6.921420;52.304081,6.922033
railway;;52.304081,6.922033;52.305320,6.926797
railway;;52.304111,6.922011;52.303952,6.921399
railway;;52.299242,6.905255;52.300681,6.909218;52.301788,6.913222
railway;;52.301788,6.913222;52.302290,6.915154
railway;;52.302143,6.914434;52.300807,6.909486;52.299271,6.905215
railway;;52.269630,6.821439;52.272604,6.829285;52.283599,6.863559;52.299151,6.905010
railway;;52.305570,6.927805;52.305945,6.930372
railway;;52.305604,6.927798;52.304111,6.922011
railway;;52.305909,6.930384;52.305846,6.929729
railway;;52.305986,6.930821;52.305988,6.930836
railway;;52.306022,6.930824;52.305980,6.930361
railway;;52.305987,6.930836;52.305986,6.930821
railway;;52.305952,6.930847;52.305932,6.930640
railway;;52.305980,6.930361;52.305958,6.930129
railway;;52.305320,6.926797;52.305570,6.927805
railway;;52.305988,6.930836;52.306014,6.931118
railway;;52.305945,6.930372;52.305986,6.930821
railway;;52.305971,6.930364;52.305958,6.930129
stream;Hoge Boekelerbeek;52.235581,6.928127;52.235600,6.928237
stream;Hoge Boekelerbeek;52.235600,6.928237;52.235351,6.928324
stream;Hoge Boekelerbeek;52.235351,6.928324;52.235276,6.928342
stream;Hoge Boekelerbeek;52.235276,6.928342;52.234761,6.928552;52.233533,6.929769;52.233733,6.931887;52.232594,6.931877
stream;Deurningerbeek;52.290811,6.882289;52.290659,6.881766;52.291036,6.879658;52.291914,6.876103;52.292425,6.875257
stream;Jufferbeek;52.290535,6.882566;52.290811,6.882289
stream;Jufferbeek;52.287853,6.892926;52.287887,6.892862
stream;Jufferbeek;52.287887,6.892862;52.288508,6.892226;52.288597,6.891291;52.288781,6.890901;52.288732,6.890730;52.288982,6.890679;52.288873,6.890067;52.289090,6.890189;52.288959,6.889512;52.289158,6.889264
stream;Jufferbeek;52.286883,6.896613;52.286876,6.896516
stream;Jufferbeek;52.286876,6.896516;52.286829,6.895013;52.287379,6.894386;52.287267,6.893725;52.287429,6.893857;52.287487,6.893599;52.287360,6.893246;52.287853,6.892926
stream;;52.314109,6.893541;52.313677,6.890774;52.313613,6.888555;52.313395,6.887265;52.313303,6.885412;52.312859,6.883320;52.313136,6.881035;52.313312,6.880676;52.313146,6.879178;52.313181,6.876771;52.312314,6.876561;52.312600,6.871796;52.311917,6.871239
fence;;52.276738,6.899840;52.276671,6.899774;52.276354,6.900363;52.275771,6.900384;52.275688,6.899708;52.275181,6.899857;52.275240,6.900344;52.275159,6.900372;52.273313,6.899406;52.273507,6.898414;52.272231,6.897743;52.272673,6.896743;52.269987,6.895359;52.269769,6.896450;52.267151,6.895080;52.266928,6.896220;52.266062,6.895761;52.265861,6.895489;52.266901,6.890820;52.265670,6.890049;52.268145,6.879521;52.268322,6.876319
fence;;52.277658,6.899861;52.277936,6.900327;52.278208,6.900295
fence;;52.276871,6.899978;52.276853,6.900247;52.277397,6.900242;52.277531,6.900013
fence;;52.278989,6.902001;52.279439,6.905451
fence;;52.279570,6.905457;52.277747,6.905373;52.277237,6.901610;52.278202,6.901829
fence;;52.273167,6.890842;52.272972,6.890859;52.272981,6.891115;52.273175,6.891098;52.273167,6.890842
stream;Blankenbellingsbeek;52.268772,6.882255;52.268539,6.882030;52.268226,6.882053;52.268076,6.881650;52.268121,6.881131;52.268710,6.880519;52.268882,6.879950;52.268811,6.879440;52.268442,6.878791;52.268723,6.878106;52.268428,6.877482;52.268472,6.876866;52.268326,6.876387
stream;Jufferbeek;52.287463,6.907824;52.287590,6.907002;52.287105,6.902636;52.287138,6.901453;52.287272,6.901188;52.287341,6.900172;52.287150,6.899395;52.286655,6.898460;52.286883,6.896613
stream;Jufferbeek;52.287447,6.908209;52.287463,6.907824
stream;Jufferbeek;52.285797,6.911819;52.286095,6.911733;52.286437,6.910615;52.286903,6.910231;52.286763,6.909853;52.287447,6.908209
stream;Jufferbeek;52.285746,6.911937;52.285797,6.911819
stream;Jufferbeek;52.283923,6.918190;52.283908,6.918005
stream;Jufferbeek;52.283908,6.918005;52.283906,6.916142;52.284727,6.915732;52.284855,6.914705;52.285044,6.914293;52.285505,6.914168;52.285675,6.914295;52.285825,6.914021;52.285541,6.912556;52.285746,6.911937
stream;Blankenbellingsbeek;52.268856,6.882337;52.268772,6.882255
stream;Nieuwe Hesbeek;52.276647,6.910434;52.276657,6.910363
stream;;52.266174,6.898570;52.266234,6.898269
stream;Blankenbellingsbeek;52.266234,6.898269;52.266066,6.897721;52.266386,6.896231
stream;Nieuwe Hesbeek;52.276197,6.900812;52.276199,6.900593
stream;Nieuwe Hesbeek;52.276199,6.900593;52.276058,6.898810;52.275697,6.897284;52.275081,6.896572;52.274806,6.895869;52.274438,6.895890;52.274237,6.895150;52.273841,6.894881;52.273755,6.893783;52.273484,6.892993;52.272391,6.892191;52.272185,6.891642;52.272083,6.890433;52.271293,6.890066;52.271291,6.888991;52.270597,6.887804;52.270444,6.886144;52.269842,6.885435;52.269848,6.884971;52.270082,6.884338;52.270063,6.883943;52.269843,6.883796;52.269329,6.884098;52.269036,6.883873
stream;;52.275843,6.902210;52.275851,6.902207
stream;Nieuwe Hesbeek;52.276850,6.905067;52.276802,6.904924
stream;Nieuwe Hesbeek;52.276802,6.904924;52.276598,6.904339;52.276778,6.903082;52.276217,6.902156;52.276186,6.901148
stream;;52.275925,6.902827;52.275843,6.902210
stream;;52.276111,6.904253;52.275928,6.902859
stream;;52.275928,6.902859;52.275925,6.902827
stream;;52.275774,6.901693;52.275843,6.902210
stream;;52.275526,6.902005;52.275597,6.901790
stream;;52.275973,6.902164;52.276168,6.901905
hedge;;52.267024,6.887977;52.267223,6.887119;52.267091,6.887025;52.266858,6.887681;52.266553,6.887612;52.266291,6.888656;52.266778,6.888999;52.267013,6.888025
stream;;52.266208,6.900866;52.266379,6.898693;52.266174,6.898570
stream;;52.265268,6.898010;52.266174,6.898570
fence;Mass-Radarcomplex Twente;52.271436,6.900428;52.271771,6.900618;52.271651,6.901158;52.271318,6.900967;52.271436,6.900428
stream;;52.276224,6.905017;52.276111,6.904253
stream;;52.276028,6.905865;52.276041,6.905860
stream;;52.276041,6.905860;52.276068,6.905850
stream;;52.275851,6.902207;52.275973,6.902164
stream;;52.275882,6.904711;52.276028,6.905865
stream;;52.276377,6.905018;52.276241,6.905074
stream;;52.276286,6.907896;52.276028,6.905865
stream;;52.275594,6.901786;52.275818,6.902020
stream;;52.276785,6.907959;52.276377,6.905018
stream;;52.276620,6.907952;52.276224,6.905017
stream;;52.275293,6.902288;52.275334,6.902072;52.275138,6.901845;52.275254,6.901481
stream;;52.274727,6.901245;52.274801,6.901279
stream;;52.275393,6.901543;52.275594,6.901786
stream;;52.274583,6.901168;52.274727,6.901245
stream;;52.274801,6.901279;52.275393,6.901543
railway;;52.309385,6.933154;52.308170,6.932185
stream;Stakenbeek;52.304098,6.936628;52.303794,6.935482;52.303821,6.934705;52.303135,6.932489
stream;Stakenbeek;52.301646,6.929286;52.301621,6.929157
stream;Stakenbeek;52.302817,6.930654;52.302644,6.930384
stream;Stakenbeek;52.303135,6.932489;52.303050,6.932235
stream;Stakenbeek;52.303050,6.932235;52.302817,6.930654
stream;;52.276321,6.905735;52.276068,6.905850
fence;;52.278204,6.901444;52.278202,6.901829;52.279611,6.902138
fence;;52.278204,6.901444;52.278179,6.899243;52.268092,6.875783;52.268141,6.873715
stream;Vanekerbeek;52.242900,6.895053;52.242892,6.894939
stream;Vanekerbeek;52.242978,6.896055;52.242900,6.895053
stream;Roombeek;52.233685,6.897272;52.233768,6.897024;52.233646,6.896914
stream;Roombeek;52.233646,6.896914;52.233650,6.896902
stream;Roombeek;52.233683,6.898071;52.233697,6.897952
stream;Roombeek;52.233697,6.897952;52.233685,6.897272
stream;Roombeek;52.233653,6.898881;52.233683,6.898071
stream;Roombeek;52.233637,6.898993;52.233653,6.898881
stream;Nieuwe Hesbeek;52.276186,6.901148;52.276187,6.901119
stream;Nieuwe Hesbeek;52.276187,6.901119;52.276197,6.900812
stream;Blankenbellingsbeek;52.266386,6.896231;52.266449,6.895953
stream;Blankenbellingsbeek;52.266449,6.895953;52.268232,6.886245;52.268564,6.885528;52.268558,6.884473;52.269036,6.883873
stream;;52.239205,6.911142;52.240050,6.909472;52.240286,6.907648;52.240140,6.906895
hedge;;52.238923,6.895090;52.238932,6.894668
hedge;;52.238935,6.894447;52.238942,6.894033
hedge;;52.238945,6.893858;52.238961,6.892897
hedge;;52.239668,6.892502;52.239635,6.892953
hedge;;52.239630,6.893025;52.239615,6.893236
stream;;52.239787,6.905070;52.239584,6.903811
stream;;52.239790,6.905096;52.239787,6.905070
stream;;52.239584,6.903811;52.239588,6.903754
stream;;52.239588,6.903754;52.239684,6.902986;52.239419,6.902544;52.239456,6.902199
stream;Kleine Haverriet;52.256514,6.874758;52.256793,6.874547;52.257286,6.873551;52.257390,6.872425;52.257281,6.871505;52.257066,6.871064;52.257206,6.870639;52.257234,6.869946
stream;;52.256456,6.874956;52.256514,6.874758
stream;Eschbeek;52.254273,6.871664;52.254357,6.870839;52.254682,6.870414;52.254585,6.869666;52.254713,6.868510;52.254564,6.868224;52.253772,6.868482;52.253560,6.868276;52.253262,6.868338;52.253549,6.866267
stream;Eschbeek;52.254187,6.871982;52.254273,6.871664
stream;Esbeek;52.254340,6.893960;52.254566,6.893091
stream;Esbeek;52.254351,6.894159;52.254340,6.893960
stream;Esbeek;52.253160,6.896059;52.253355,6.895802
stream;Esbeek;52.253355,6.895802;52.253830,6.894817;52.254351,6.894159
stream;Esbeek;52.253233,6.898501;52.252970,6.896573
stream;Esbeek;52.253248,6.898692;52.253233,6.898501
stream;Esbeek;52.254238,6.900749;52.254170,6.900530
stream;Esbeek;52.254170,6.900530;52.253682,6.899387;52.253275,6.899026;52.253248,6.898692
stream;Esbeek;52.254579,6.905777;52.254541,6.905638
stream;Esbeek;52.254541,6.905638;52.254481,6.903694;52.254070,6.901513;52.254238,6.900749
stream;Esbeek;52.255439,6.908751;52.254995,6.908243;52.255261,6.907399;52.254997,6.906964;52.254645,6.907041;52.254579,6.905777
stream;Esbeek;52.255337,6.908871;52.255439,6.908751
stream;Esbeek;52.255063,6.909309;52.255337,6.908871
stream;Esbeek;52.255095,6.909401;52.255063,6.909309
stream;Esbeek;52.256171,6.915001;52.256399,6.914548;52.256332,6.913323;52.255761,6.912534;52.255546,6.911637;52.255182,6.911059;52.254945,6.910181;52.255095,6.909401
stream;Esbeek;52.256137,6.915113;52.256171,6.915001
stream;Esbeek;52.256095,6.915249;52.256137,6.915113
stream;Esbeek;52.255850,6.916222;52.256095,6.915249
stream;Esbeek;52.255654,6.917430;52.255850,6.916222
stream;Jufferbeek;52.289203,6.889134;52.289434,6.888649;52.289529,6.887942;52.289467,6.887590;52.289642,6.886988;52.289611,6.886414;52.289799,6.886307;52.290033,6.885732;52.290216,6.885765;52.290370,6.885537;52.290154,6.884996;52.290323,6.884106;52.290202,6.883240;52.290535,6.882566
stream;Jufferbeek;52.289158,6.889264;52.289203,6.889134
stream;Blankenbellingsbeek;52.269036,6.883873;52.269067,6.882937;52.268856,6.882337
stream;Kleine Haverriet;52.255422,6.876349;52.255651,6.875980;52.255968,6.875845;52.256227,6.875142;52.256456,6.874956
stream;Haverrietbeek;52.265032,6.885789;52.264706,6.883947;52.264694,6.882772;52.264520,6.882142;52.264500,6.880642;52.264351,6.879703
stream;;52.264057,6.874417;52.263855,6.874028
stream;Haverrietbeek;52.263855,6.874028;52.261944,6.870340
stream;;52.264351,6.879703;52.264233,6.879547
stream;Haverrietbeek;52.264233,6.879547;52.264995,6.877517
stream;;52.264995,6.877517;52.264913,6.877283
stream;Haverrietbeek;52.264913,6.877283;52.264604,6.877307;52.264639,6.876275;52.264442,6.875170;52.264057,6.874417
railway;;52.256089,6.915171;52.256132,6.915210
stream;;52.300035,6.898539;52.300105,6.898371
stream;;52.300105,6.898371;52.300174,6.898094;52.300425,6.898279;52.301063,6.898010
stream;Jufferbeek;52.283689,6.919138;52.283923,6.918913;52.283923,6.918190
stream;Jufferbeek;52.283544,6.919167;52.283689,6.919138
stream;Jufferbeek;52.283076,6.922818;52.283107,6.922630
stream;Jufferbeek;52.283107,6.922630;52.283413,6.921902;52.283334,6.921487;52.283417,6.919547;52.283544,6.919167
stream;Esbeek;52.256700,6.920501;52.256700,6.920342
stream;Esbeek;52.256700,6.920342;52.256608,6.918606;52.255816,6.918015;52.255654,6.917430
stream;Esbeek;52.256838,6.926644;52.257185,6.925123;52.257120,6.924624;52.257277,6.924002;52.257205,6.922575;52.257511,6.921868
stream;;52.257511,6.921868;52.257515,6.921801
stream;;52.257515,6.921801;52.257686,6.921562;52.257877,6.920692;52.256700,6.920501
stream;;52.240551,6.913350;52.240710,6.912351
stream;;52.240594,6.910900;52.240609,6.910746
stream;;52.240609,6.910746;52.240622,6.909786;52.240064,6.909370
stream;;52.240665,6.912266;52.240594,6.910900
stream;;52.240710,6.912351;52.240665,6.912266
railway;Amelinkpad;52.246204,6.908231;52.247398,6.909352
stream;Blankenbellingsbeek;52.268326,6.876387;52.266516,6.872576;52.266493,6.872223;52.267109,6.871460;52.267137,6.871164;52.266800,6.870241;52.267985,6.868771;52.268229,6.868869;52.268803,6.868659
stream;Jufferbeek;52.279890,6.929276;52.279897,6.928678;52.280110,6.928415;52.280055,6.928126;52.280166,6.927830;52.280960,6.926994;52.281260,6.926259;52.282651,6.925051;52.282660,6.924021;52.283133,6.923383;52.283172,6.923025;52.283076,6.922818
railway;;52.305932,6.930640;52.305909,6.930384
fence;;52.239751,6.902640;52.239591,6.903884;52.239758,6.904255;52.239853,6.905048;52.240336,6.905027;52.240320,6.903128;52.239751,6.902640
fence;;52.237498,6.902190;52.237512,6.902478;52.238251,6.903529;52.239418,6.904038;52.239449,6.903455
stream;;52.239456,6.902199;52.239618,6.901333;52.242097,6.900463;52.242355,6.900560
stream;;52.244799,6.919304;52.244745,6.919015
stream;;52.244603,6.915000;52.244379,6.914839;52.244419,6.913748;52.244668,6.912873;52.244929,6.912413
stream;;52.244622,6.915124;52.244603,6.915000
stream;;52.244719,6.916316;52.244622,6.915124
stream;;52.244696,6.916423;52.244719,6.916316
stream;;52.244155,6.906916;52.243963,6.906374;52.244015,6.905949;52.243739,6.905452
stream;;52.244711,6.907779;52.244594,6.907740
stream;;52.244594,6.907740;52.244630,6.907411;52.244243,6.907180;52.244155,6.906916
stream;;52.244497,6.916966;52.244479,6.916606
stream;;52.244479,6.916606;52.244696,6.916423
stream;;52.256760,6.923298;52.256698,6.922586;52.256913,6.922212;52.256920,6.921704;52.257231,6.921606;52.257517,6.921770
fence;;52.278926,6.882304;52.279214,6.882256;52.279458,6.885594;52.279731,6.888157;52.279992,6.889309;52.279936,6.889578;52.280116,6.890107;52.280406,6.890455;52.280619,6.890214;52.280697,6.890320
fence;;52.281387,6.892609;52.281366,6.892249;52.282253,6.891984;52.282221,6.891721;52.281679,6.891764;52.281742,6.891464;52.281627,6.891339
fence;;52.284167,6.901731;52.283983,6.900766;52.283576,6.900798;52.283028,6.900530;52.281790,6.897354;52.281544,6.896357;52.281652,6.895046;52.281626,6.894568;52.281506,6.894573;52.281387,6.892609
stream;Esbeek;52.252957,6.896505;52.252956,6.896301;52.253160,6.896059
stream;Esbeek;52.252970,6.896573;52.252957,6.896505
fence;;52.242497,6.887424;52.242355,6.887943;52.241991,6.887863;52.241954,6.887430;52.242120,6.887174;52.242371,6.887131;52.242497,6.887424
fence;;52.242355,6.887943;52.242255,6.888314;52.242013,6.888116;52.241991,6.887863
fence;;52.242497,6.887424;52.242655,6.888204;52.242255,6.888314
fence;;52.242655,6.888204;52.242749,6.888542;52.242426,6.888744;52.242255,6.888314
fence;;52.242435,6.887028;52.242612,6.887805;52.242991,6.887615;52.242856,6.886904;52.242435,6.887028
fence;;52.242991,6.887615;52.243083,6.888091;52.242707,6.888219;52.242612,6.887805
fence;;52.242301,6.889730;52.242125,6.889729;52.242071,6.889323;52.242511,6.889038;52.242640,6.889378;52.242301,6.889730
fence;;52.307595,6.912814;52.307805,6.912978;52.307924,6.912141;52.307477,6.912168
fence;;52.238509,6.885772;52.238536,6.886006
fence;;52.238122,6.885720;52.238094,6.885484
stream;;52.283431,6.893947;52.284401,6.893172
stream;;52.287814,6.892700;52.287919,6.892813
stream;;52.287707,6.892614;52.287814,6.892700
stream;;52.285179,6.893070;52.285252,6.892985
stream;;52.285252,6.892985;52.285848,6.892061;52.287707,6.892614
stream;;52.284401,6.893172;52.284493,6.893132
stream;;52.284493,6.893132;52.285179,6.893070
stream;;52.281709,6.911879;52.283496,6.911246;52.283978,6.910860;52.284475,6.910819;52.284839,6.910535;52.285211,6.910874;52.285517,6.912151
stream;;52.279249,6.912125;52.280985,6.910589;52.281293,6.911367;52.281399,6.911328
stream;;52.281520,6.911257;52.281709,6.911879
stream;;52.281399,6.911328;52.281520,6.911257
stream;;52.285517,6.912151;52.285566,6.912239
stream;;52.285566,6.912239;52.285587,6.912278
stream;;52.278799,6.910865;52.278304,6.908684;52.277681,6.908576;52.277431,6.908272
stream;;52.277622,6.909114;52.277589,6.908528
stream;Gammelkerbeek;52.309337,6.878556;52.309304,6.877637;52.309387,6.877410;52.309320,6.877174;52.309092,6.877074;52.309137,6.876149;52.309322,6.875324;52.309722,6.874366;52.309888,6.873305;52.310188,6.873139;52.310414,6.871910;52.310532,6.871561;52.310730,6.871442;52.310944,6.870596
stream;Gammelkerbeek;52.308912,6.883269;52.309272,6.881366;52.309347,6.878793
stream;Gammelkerbeek;52.309347,6.878793;52.309337,6.878556
stream;Gammelkerbeek;52.310944,6.870596;52.310986,6.870428
stream;Gammelkerbeek;52.308877,6.883342;52.308912,6.883269
stream;Gammelkerbeek;52.308505,6.884738;52.308877,6.883342
stream;Gammelkerbeek;52.308382,6.884932;52.308505,6.884738
stream;Gammelkerbeek;52.305754,6.899192;52.305865,6.898184;52.305549,6.897416;52.305814,6.897408;52.305996,6.896998;52.305850,6.896766;52.306055,6.896415;52.306084,6.895862;52.306268,6.895964;52.306335,6.895578;52.306617,6.895402;52.306981,6.894672;52.307420,6.894372;52.308019,6.892686;52.308058,6.890184;52.307621,6.888225;52.307603,6.887265;52.307708,6.886244;52.308382,6.884932
stream;;52.305652,6.899255;52.305754,6.899192
stream;Gammelkerbeek;52.303623,6.898292;52.303855,6.898079;52.303964,6.898452;52.304089,6.898494;52.304057,6.897956;52.304159,6.897871;52.304738,6.898243;52.305041,6.898089;52.305089,6.898266;52.304942,6.898720;52.305345,6.898710;52.305187,6.899043;52.305207,6.899292;52.305318,6.899419;52.305652,6.899255
stream;;52.303363,6.898296;52.303623,6.898292
stream;Gammelkerbeek;52.302879,6.898348;52.303073,6.898308;52.303189,6.898666;52.303250,6.898319;52.303363,6.898296
ditch;;52.302883,6.898201;52.302878,6.898242
ditch;;52.302878,6.898242;52.302734,6.898754;52.302839,6.899056;52.302857,6.900062
fence;;52.272883,6.875228;52.274468,6.876716
fence;;52.272883,6.875228;52.271817,6.873501
fence;;52.272767,6.874545;52.271850,6.873140;52.271757,6.873341;52.271817,6.873501
stream;;52.311843,6.871127;52.311660,6.870606;52.311385,6.870272;52.311284,6.869781
stream;;52.311917,6.871239;52.311843,6.871127
fence;;52.272767,6.874545;52.274650,6.876470
stream;Roombeek;52.231739,6.873727;52.231945,6.872541;52.232342,6.871758;52.232783,6.872108
stream;Vanekerbeek;52.243928,6.883154;52.245988,6.884202
stream;Vanekerbeek;52.245988,6.884202;52.247273,6.879999;52.248835,6.879182;52.248924,6.878970
stream;Vanekerbeek;52.248924,6.878970;52.248872,6.876056
stream;Vanekerbeek;52.248869,6.875840;52.248643,6.866437;52.249205,6.864359;52.250345,6.861896
stream;Vanekerbeek;52.248872,6.876056;52.248869,6.875840
stream;;52.245252,6.911395;52.245266,6.911377
stream;;52.244907,6.912295;52.244923,6.912220
stream;;52.244929,6.912413;52.244907,6.912295
stream;;52.245303,6.911339;52.244905,6.909485;52.244595,6.909116;52.244711,6.907779
stream;;52.245266,6.911377;52.245303,6.911339
stream;;52.244745,6.919015;52.244728,6.918878
stream;;52.244728,6.918878;52.244497,6.916966
stream;;52.253484,6.909142;52.253565,6.908542;52.254430,6.907883;52.254924,6.908391
stream;;52.254924,6.908391;52.254995,6.908243
stream;Jufferbeek;52.279886,6.929694;52.279890,6.929276
stream;Jufferbeek;52.275223,6.930124;52.275276,6.930154
stream;Jufferbeek;52.275276,6.930154;52.275651,6.929761;52.276440,6.929887;52.276671,6.929591;52.277111,6.929454;52.279886,6.929694
stream;;52.274278,6.936520;52.274956,6.933257;52.275333,6.930153
fence;;52.240424,6.916283;52.241317,6.916651;52.245001,6.916619
fence;;52.240334,6.915859;52.240252,6.915915;52.240334,6.915859
fence;;52.240424,6.916283;52.240607,6.915594;52.240345,6.915325;52.240169,6.915896;52.240440,6.916085;52.240394,6.916268
hedge;;52.243542,6.912325;52.243535,6.912210
hedge;;52.243555,6.912597;52.243547,6.912399
fence;;52.239560,6.915110;52.240032,6.916018;52.240394,6.916268
fence;;52.240440,6.916085;52.240471,6.916106
railway;;52.255970,6.915066;52.256089,6.915171
railway;Enschede-Oldenzaal;52.266558,6.923516;52.265327,6.922789;52.262869,6.920905
railway;Enschede-Oldenzaal;52.247651,6.909578;52.248876,6.910450
hedge;;52.249960,6.912164;52.250061,6.912161
hedge;;52.250085,6.912161;52.250179,6.912158
hedge;;52.249861,6.913006;52.249815,6.913423;52.249557,6.913473;52.249529,6.912228
hedge;;52.249080,6.910685;52.249122,6.910468;52.249654,6.910563
wall;;52.249654,6.910563;52.249963,6.910645
stream;Stakenbeek;52.302644,6.930384;52.301622,6.930570;52.301462,6.930290
railway;Enschede-Oldenzaal;52.301397,6.930190;52.298091,6.930409
stream;Stakenbeek;52.301449,6.930083;52.301734,6.929855;52.301646,6.929286
stream;Stakenbeek;52.301462,6.930290;52.301449,6.930083
stream;Nieuwe Hesbeek;52.277095,6.909328;52.277048,6.908767;52.277274,6.908715;52.277431,6.908272;52.277466,6.906500;52.277342,6.905624;52.276850,6.905067
stream;Nieuwe Hesbeek;52.276669,6.910276;52.276795,6.909477
stream;Nieuwe Hesbeek;52.276657,6.910363;52.276669,6.910276
stream;Nieuwe Hesbeek;52.276795,6.909477;52.277095,6.909328
railway;Enschede-Oldenzaal;52.249124,6.910518;52.249965,6.910676
fence;;52.296692,6.910758;52.296638,6.910637;52.297068,6.910138;52.297358,6.910805;52.296661,6.912303
fence;;52.296569,6.911756;52.296655,6.911957
railway;Enschede-Oldenzaal;52.262785,6.920829;52.256132,6.915210
fence;;52.232666,6.884256;52.232965,6.883645;52.232922,6.883547;52.232593,6.883891
fence;;52.232555,6.883956;52.232593,6.883891
fence;;52.236823,6.883312;52.237223,6.882993
wall;;52.307832,6.932488;52.307708,6.932636
wall;;52.313960,6.930872;52.313983,6.930867
wall;;52.313995,6.930851;52.313947,6.930805
stream;Deurningerbeek;52.292425,6.875257;52.292708,6.874527
stream;Deurningerbeek;52.292708,6.874527;52.292797,6.874300
stream;Deurningerbeek;52.292797,6.874300;52.292983,6.874112
stream;Deurningerbeek;52.292983,6.874112;52.293132,6.873848;52.292481,6.872032;52.292672,6.871026;52.292853,6.870515;52.293326,6.870239;52.293633,6.869397;52.293700,6.868755;52.293498,6.868448;52.293598,6.868192;52.293536,6.867756;52.293780,6.867652;52.293923,6.867034;52.294031,6.867035;52.294805,6.865684;52.294942,6.865800
stream;Eschbeek;52.253838,6.874501;52.253838,6.874402
stream;Eschbeek;52.253838,6.874402;52.254187,6.871982
stream;Eschbeek;52.254783,6.875646;52.254658,6.875694
stream;Eschbeek;52.255422,6.876349;52.255126,6.875510;52.254783,6.875646
ditch;;52.263292,6.920226;52.263018,6.919633;52.262943,6.919058
ditch;;52.263346,6.920321;52.263292,6.920226
ditch;;52.262917,6.919700;52.263018,6.919633
ditch;;52.263390,6.921345;52.263326,6.920608;52.262917,6.919700
ditch;;52.263491,6.921421;52.263346,6.920321
railway;Noorderbaan;52.234231,6.897493;52.228295,6.891974
stream;;52.251913,6.892961;52.252655,6.890510
stream;;52.252751,6.890492;52.252957,6.890428;52.253542,6.889712;52.253675,6.888616;52.254017,6.888566
stream;;52.252655,6.890510;52.252751,6.890492
stream;;52.250132,6.894248;52.250456,6.894239;52.251598,6.893499;52.251858,6.893027
stream;;52.251858,6.893027;52.251913,6.892961
stream;;52.249150,6.895041;52.249091,6.894522;52.249262,6.894225;52.250056,6.894257
stream;;52.250056,6.894257;52.250132,6.894248
stream;;52.248581,6.898765;52.248870,6.897128;52.249173,6.896261;52.249165,6.895163
stream;;52.249165,6.895163;52.249150,6.895041
stream;;52.248279,6.901308;52.248500,6.900734;52.248250,6.900263;52.248581,6.899357;52.248549,6.898861
stream;;52.248549,6.898861;52.248581,6.898765
stream;Esbeek;52.256630,6.927404;52.256805,6.926757
stream;Esbeek;52.256805,6.926757;52.256838,6.926644
stream;;52.260695,6.875888;52.260735,6.875202;52.261217,6.873725;52.261625,6.873353;52.261929,6.871961;52.262079,6.870586
fence;;52.239449,6.903455;52.239564,6.903139;52.239525,6.902870;52.238978,6.902547;52.239071,6.901875;52.238388,6.901258
fence;;52.272883,6.875228;52.273023,6.874914
stream;;52.239572,6.902715;52.239359,6.902981
fence;;52.290535,6.928719;52.289620,6.928608;52.289694,6.927121;52.290579,6.927116
fence;;52.290989,6.929431;52.290982,6.928776;52.290535,6.928719
stream;;52.283923,6.918913;52.284197,6.918851;52.284494,6.918231;52.284817,6.918128;52.284922,6.917772;52.285743,6.917515;52.286195,6.916777;52.286265,6.916390;52.285825,6.914021
fence;;52.284533,6.927568;52.284537,6.928468;52.283844,6.928479;52.283775,6.919207;52.284564,6.918905;52.284532,6.926266
fence;;52.284528,6.929063;52.283782,6.929169;52.283735,6.928923
fence;;52.284775,6.924408;52.285385,6.924404;52.285389,6.926081
fence;;52.285089,6.927187;52.285427,6.927177;52.285331,6.926342;52.284759,6.926348;52.284760,6.927195
fence;;52.267440,6.888101;52.267387,6.888066
fence;;52.267490,6.888133;52.267440,6.888101
fence;;52.318291,6.926737;52.318444,6.926634;52.318372,6.926411
fence;;52.318311,6.926083;52.318372,6.926411
stream;;52.269974,6.910869;52.270168,6.910259;52.270178,6.908783;52.269061,6.908366;52.268513,6.907965;52.268413,6.905538
stream;;52.268815,6.910310;52.268730,6.909636;52.269061,6.908366
stream;;52.269851,6.908047;52.269517,6.907807;52.269191,6.906422
fence;;52.284691,6.927371;52.285020,6.927365;52.285055,6.927801;52.284961,6.928297;52.284713,6.928351
fence;;52.306414,6.870658;52.306354,6.870540
fence;;52.306336,6.870609;52.306246,6.870951;52.306404,6.871049;52.306455,6.870761;52.306336,6.870609
fence;;52.306341,6.870591;52.306336,6.870609
hedge;;52.287583,6.928842;52.287340,6.928623;52.287372,6.928450;52.287740,6.928513;52.287747,6.928999;52.287579,6.928916
wall;;52.315096,6.881906;52.315135,6.882007
wall;;52.307160,6.870637;52.307186,6.870345
fence;;52.312929,6.925388;52.312788,6.926028;52.312461,6.925954;52.312433,6.925268;52.312929,6.925388
wall;;52.315246,6.927878;52.315268,6.927822
wall;;52.315268,6.927822;52.315172,6.927815
wall;;52.315262,6.928086;52.315200,6.928203
hedge;;52.234730,6.923125;52.234375,6.922977;52.234070,6.923357
fence;;52.311144,6.929534;52.311044,6.929536;52.310996,6.929193;52.310658,6.929219;52.310659,6.928844;52.311191,6.928847;52.311144,6.929534
ditch;;52.300572,6.903815;52.300519,6.903875
ditch;;52.300519,6.903875;52.299724,6.904857
hedge;;52.314129,6.926454;52.314361,6.926606
hedge;;52.314470,6.927347;52.314538,6.928117;52.314642,6.928128
wall;;52.313240,6.928288;52.313187,6.928178
hedge;;52.314693,6.928175;52.314668,6.928221
hedge;;52.314616,6.928270;52.314549,6.929164;52.314757,6.929425
wall;;52.315592,6.929891;52.315442,6.929921;52.315544,6.930195
wall;;52.316222,6.928612;52.316015,6.928647
hedge;;52.314004,6.931954;52.313822,6.932295
hedge;;52.313799,6.931997;52.313672,6.932343;52.313411,6.932242
hedge;;52.313407,6.932196;52.313379,6.932079
fence;;52.233384,6.885248;52.233517,6.885389;52.233426,6.885439;52.233384,6.885248
wall;;52.234855,6.890400;52.234980,6.890680
wall;;52.235001,6.890726;52.235078,6.890898
fence;;52.235524,6.890680;52.235483,6.890837;52.235795,6.890887;52.235812,6.890579
hedge;;52.232499,6.883574;52.232536,6.883696;52.232628,6.883497;52.232470,6.883479
hedge;;52.233180,6.890410;52.232639,6.890219
fence;;52.244794,6.883839;52.244164,6.883531;52.244242,6.883597;52.244135,6.883680;52.244058,6.886070;52.244721,6.888072
stream;;52.248562,6.904570;52.248491,6.904225
stream;;52.248491,6.904225;52.248471,6.904133
stream;;52.248421,6.903850;52.248560,6.903398;52.248519,6.903140
stream;;52.248519,6.903140;52.248492,6.902957
stream;;52.248492,6.902957;52.248446,6.901472;52.248256,6.901405
stream;;52.248256,6.901405;52.248279,6.901308
stream;;52.248471,6.904133;52.248433,6.903949
stream;;52.248433,6.903949;52.248421,6.903850
hedge;;52.241174,6.892020;52.241052,6.891744
stream;;52.236477,6.870540;52.236677,6.869085;52.237044,6.867817
stream;;52.236453,6.870703;52.236477,6.870540
hedge;;52.283998,6.929365;52.283476,6.929385
hedge;;52.313164,6.900763;52.313321,6.900894
hedge;;52.313305,6.900969;52.313230,6.901034
hedge;;52.233402,6.876683;52.232999,6.876856
hedge;;52.306466,6.923513;52.307300,6.922388;52.306546,6.920878;52.305698,6.922109;52.306014,6.922745
hedge;;52.317592,6.920282;52.317852,6.920351;52.317592,6.920282
hedge;;52.317818,6.920154;52.317928,6.920366;52.317706,6.920644
hedge;;52.317506,6.919397;52.317419,6.919153;52.317481,6.918903
hedge;;52.317374,6.919256;52.317311,6.919683;52.317443,6.919382;52.317374,6.919256
fence;;52.316058,6.915361;52.316288,6.915434
fence;;52.315878,6.916951;52.316108,6.917016
fence;;52.315748,6.916257;52.315688,6.916765
fence;;52.315778,6.916001;52.315759,6.916170
fence;;52.315862,6.915261;52.315785,6.915919
fence;;52.315483,6.914697;52.315715,6.914760
fence;;52.315165,6.915563;52.315119,6.915962
fence;;52.315187,6.915372;52.315174,6.915478
fence;;52.315228,6.915010;52.315196,6.915291
fence;;52.315537,6.916325;52.315307,6.916254
fence;;52.314105,6.914717;52.314300,6.914125
fence;;52.314020,6.914967;52.314082,6.914785
fence;;52.314147,6.915132;52.314034,6.915029
fence;;52.314858,6.915778;52.314188,6.915190
fence;;52.314936,6.915536;52.314872,6.915734
fence;;52.315160,6.914846;52.314961,6.915461
fence;;52.314809,6.914539;52.315119,6.914809
fence;;52.314709,6.914452;52.314757,6.914494
fence;;52.314325,6.914122;52.314664,6.914412
fence;;52.315217,6.914618;52.315772,6.914739;52.316462,6.915342;52.316286,6.917188;52.315809,6.917068;52.314252,6.915308;52.314095,6.915314;52.313951,6.914999;52.314223,6.914107;52.315217,6.914618
fence;;52.318841,6.906131;52.318387,6.905734;52.317976,6.907390;52.318159,6.908069
fence;;52.318921,6.906201;52.319264,6.906500;52.318558,6.908667;52.318311,6.908454
ditch;;52.318411,6.909167;52.318762,6.908754;52.319520,6.906742
ditch;;52.316336,6.912788;52.316455,6.911915
hedge;;52.317645,6.910306;52.317945,6.910580
fence;;52.316623,6.910822;52.317920,6.911839;52.318782,6.911041;52.318528,6.910109
fence;;52.318323,6.909799;52.318027,6.910546
fence;;52.318049,6.909234;52.318064,6.909188
fence;;52.317995,6.909123;52.318314,6.909476
ditch;;52.315282,6.914595;52.315866,6.914756;52.316450,6.915255
ditch;;52.315347,6.914404;52.315866,6.914475;52.316025,6.913748
ditch;;52.315652,6.913125;52.315742,6.912971;52.316027,6.913245;52.316038,6.913599
ditch;;52.315308,6.914325;52.315617,6.913253
fence;;52.312364,6.913113;52.312654,6.913927;52.312815,6.913428;52.312731,6.913159;52.312614,6.913013;52.312364,6.913113
hedge;;52.313098,6.913531;52.313161,6.913676
hedge;;52.312937,6.913483;52.313032,6.913475
ditch;;52.312077,6.913780;52.313465,6.914783
fence;;52.314536,6.909979;52.314470,6.910181
fence;;52.314623,6.909710;52.314551,6.909932
hedge;;52.314301,6.908999;52.314552,6.908958;52.314797,6.909176;52.314639,6.909662
hedge;;52.314233,6.910017;52.314030,6.909840
hedge;;52.314275,6.910053;52.314440,6.910200
hedge;;52.312650,6.907700;52.312581,6.907905
hedge;;52.312548,6.907965;52.312424,6.908333
hedge;;52.311727,6.907130;52.311657,6.907434;52.311810,6.907570
hedge;;52.312034,6.907695;52.311875,6.907795
fence;;52.311921,6.913589;52.312011,6.913251
hedge;;52.311403,6.913120;52.311915,6.913406
fence;;52.308397,6.909178;52.308437,6.909761;52.308670,6.910503
ditch;;52.308087,6.910564;52.307928,6.910411
ditch;;52.311891,6.913608;52.309950,6.912212;52.308228,6.910695
ditch;;52.308298,6.909771;52.308288,6.909197
fence;;52.308655,6.910928;52.308341,6.909777
fence;;52.312132,6.911365;52.312420,6.911580;52.312097,6.912578;52.311603,6.912447;52.311648,6.912143;52.312027,6.912158;52.312132,6.911365
fence;;52.317523,6.903816;52.317479,6.903951
fence;;52.317658,6.903503;52.317553,6.903794
fence;;52.317500,6.904069;52.317658,6.904201;52.317827,6.903727;52.317649,6.903562
fence;;52.316297,6.902550;52.316221,6.902866;52.315661,6.902313
fence;;52.316071,6.900376;52.316249,6.900467;52.316364,6.901585
fence;;52.316028,6.901729;52.315869,6.901649;52.315975,6.901167;52.315898,6.900972;52.316156,6.901126
fence;;52.316325,6.902185;52.316434,6.902301;52.316357,6.902579
fence;;52.316333,6.902134;52.316513,6.902184
hedge;;52.318501,6.898931;52.319026,6.899277
fence;;52.318638,6.896721;52.318503,6.896613;52.317895,6.898429
hedge;;52.314386,6.906302;52.314522,6.906421
wall;;52.307572,6.932351;52.307605,6.932419
wall;;52.307736,6.932401;52.307707,6.932222;52.307435,6.932516
wall;;52.307615,6.932441;52.307669,6.932553;52.307802,6.932392
wall;;52.308832,6.932380;52.308931,6.932912;52.309283,6.932689
wall;;52.309315,6.930866;52.309339,6.930982
wall;;52.309333,6.930917;52.309044,6.931409
hedge;;52.307690,6.930559;52.307611,6.930304
hedge;;52.307559,6.930669;52.307730,6.930527
hedge;;52.307868,6.930425;52.307789,6.930492
hedge;;52.307828,6.930459;52.307728,6.930138
hedge;;52.308004,6.930313;52.307924,6.930379
hedge;;52.307964,6.930346;52.307864,6.930026
hedge;;52.308137,6.930200;52.308058,6.930267
hedge;;52.308097,6.930233;52.307997,6.929913
hedge;;52.308229,6.930124;52.308129,6.929803
hedge;;52.308269,6.930090;52.308190,6.930157
fence;;52.307418,6.931025;52.307572,6.931671
fence;;52.307304,6.930543;52.307383,6.930878
fence;;52.306289,6.932701;52.306440,6.932664;52.306300,6.931027;52.306283,6.930892;52.306124,6.930932
wall;;52.306061,6.934208;52.305869,6.930951
fence;;52.305922,6.930930;52.305869,6.930951
wall;;52.304535,6.932230;52.304545,6.932289
wall;;52.304517,6.932239;52.304411,6.932286
wall;;52.304388,6.932296;52.304627,6.933365
fence;;52.301687,6.932577;52.302174,6.932240;52.302220,6.932423
fence;;52.295776,6.931659;52.295839,6.931863
fence;;52.295532,6.931790;52.295766,6.931631
fence;;52.295921,6.932055;52.295939,6.932068
fence;;52.295909,6.931490;52.295457,6.931563;52.295676,6.932227;52.295891,6.932032
hedge;;52.291984,6.930835;52.291987,6.930448;52.292509,6.930481;52.292314,6.931715;52.292102,6.931407
ditch;;52.295414,6.931228;52.294761,6.931864
ditch;;52.294697,6.931926;52.294060,6.932490
ditch;;52.293978,6.932514;52.293824,6.932595
ditch;;52.293355,6.930595;52.294092,6.930644
ditch;;52.293458,6.932093;52.293436,6.932002
ditch;;52.293392,6.931880;52.293313,6.931621
ditch;;52.292764,6.932358;52.292495,6.931538;52.292637,6.931098
ditch;;52.292674,6.931011;52.292887,6.930565
ditch;;52.293275,6.931504;52.292951,6.930570;52.293273,6.930593
hedge;;52.291420,6.930419;52.291926,6.930305
hedge;;52.290306,6.930360;52.291418,6.930432
hedge;;52.288222,6.930191;52.290292,6.930358
hedge;;52.291590,6.930901;52.291821,6.931745
ditch;;52.291937,6.931114;52.292379,6.932494
fence;;52.318233,6.932186;52.318441,6.932339
fence;;52.318138,6.932188;52.318217,6.932178
wall;;52.318014,6.932169;52.317969,6.932176
wall;;52.317953,6.932240;52.317928,6.932243
wall;;52.317927,6.932218;52.317839,6.932231
wall;;52.317864,6.932257;52.317842,6.932408
wall;;52.317864,6.932603;52.317831,6.932411
wall;;52.317959,6.926649;52.318139,6.927293;52.318385,6.927161
wall;;52.317850,6.926177;52.317949,6.926614
ditch;;52.315914,6.918487;52.316215,6.918993
ditch;;52.317105,6.920935;52.317334,6.921499
ditch;;52.316729,6.920022;52.316998,6.920687
ditch;;52.317596,6.922148;52.317893,6.922882
ditch;;52.318325,6.923958;52.318502,6.924375
ditch;;52.317990,6.923113;52.318074,6.923325
wall;;52.314912,6.924930;52.314945,6.925410
wall;;52.314670,6.924915;52.314649,6.924552
fence;;52.313546,6.921159;52.313903,6.921888;52.314251,6.921393;52.314238,6.921140
hedge;;52.314131,6.921628;52.314149,6.921741
hedge;;52.314065,6.921837;52.314014,6.921808
hedge;;52.313836,6.921760;52.313886,6.921767
hedge;;52.314053,6.921575;52.314085,6.921579
hedge;;52.314004,6.921689;52.314046,6.921605
hedge;;52.313988,6.921740;52.313986,6.921716
hedge;;52.313979,6.921868;52.313986,6.921994
hedge;;52.313909,6.921771;52.313949,6.921803
hedge;;52.313939,6.922166;52.313817,6.922182
hedge;;52.313895,6.921337;52.313961,6.921511;52.313980,6.921308
hedge;;52.313921,6.921025;52.314035,6.920983
hedge;;52.313615,6.921137;52.313883,6.921039
fence;;52.314503,6.918984;52.314835,6.918903
fence;;52.314847,6.919518;52.314556,6.919589
fence;;52.314685,6.918704;52.314849,6.918676;52.314932,6.919523;52.314523,6.919622;52.314445,6.918701
fence;;52.314655,6.918710;52.314449,6.918746
fence;;52.317347,6.921528;52.317376,6.921688;52.317236,6.921840
hedge;;52.312944,6.916254;52.312438,6.916088
hedge;;52.313884,6.916354;52.313932,6.915975
fence;;52.312738,6.918027;52.312815,6.918049
fence;;52.312837,6.918056;52.314106,6.918400;52.314311,6.916419;52.314458,6.916303;52.314009,6.915699
fence;;52.311899,6.917773;52.312716,6.918021
fence;;52.311794,6.916185;52.312113,6.916291
fence;;52.313413,6.916356;52.313343,6.916348
fence;;52.313497,6.916350;52.313425,6.916357
fence;;52.312858,6.915030;52.313001,6.915074
fence;;52.311855,6.914656;52.311987,6.914229;52.313894,6.915696
fence;;52.312189,6.916181;52.312025,6.917736;52.312662,6.917917;52.312828,6.916356;52.312189,6.916181
fence;;52.311904,6.914432;52.312539,6.914641;52.312342,6.916185;52.311712,6.915979;52.311904,6.914432
fence;;52.313359,6.916232;52.313426,6.915674;52.313932,6.915841;52.313862,6.916397;52.313359,6.916232
fence;;52.312387,6.916015;52.313330,6.916330;52.313459,6.915310;52.312514,6.914985;52.312387,6.916015
fence;;52.314530,6.917217;52.314515,6.917362;52.314722,6.917424
fence;;52.314475,6.917284;52.314338,6.917243
fence;;52.314340,6.917218;52.314477,6.917266
hedge;;52.314707,6.918343;52.314217,6.918316
hedge;;52.314424,6.918090;52.314370,6.918151
hedge;;52.314277,6.918127;52.314312,6.918211
hedge;;52.314314,6.917932;52.314351,6.918017
fence;;52.314280,6.917597;52.314205,6.917505
fence;;52.314791,6.918432;52.314137,6.918603
fence;;52.314861,6.918479;52.315011,6.918452
ditch;;52.314926,6.916830;52.314877,6.917247
ditch;;52.314355,6.916176;52.315001,6.916927
ditch;;52.313105,6.914948;52.313933,6.915765
ditch;;52.312623,6.914605;52.313063,6.914912
fence;;52.317471,6.909648;52.317649,6.909142;52.317158,6.908727
fence;;52.309380,6.913669;52.311145,6.914903
hedge;;52.307617,6.913553;52.307730,6.913151
fence;;52.308431,6.912386;52.308444,6.912252;52.308644,6.912333;52.308608,6.912568;52.308419,6.912515;52.308431,6.912386
ditch;;52.308326,6.911986;52.307931,6.911727
wall;;52.308673,6.911980;52.311840,6.914040
wall;;52.307838,6.911057;52.308844,6.911893
ditch;;52.310069,6.912947;52.311252,6.913748
wall;;52.310454,6.916183;52.310514,6.916225
wall;;52.310476,6.916062;52.310339,6.916038
hedge;;52.310339,6.916038;52.310083,6.916041
wall;;52.310052,6.917124;52.310083,6.916041
hedge;;52.304773,6.921224;52.304272,6.921665
hedge;;52.306779,6.912657;52.306635,6.914424
ditch;;52.306848,6.911963;52.306392,6.911481
ditch;;52.306590,6.914607;52.306072,6.917998
hedge;;52.305812,6.918487;52.305462,6.919712;52.304339,6.921204
ditch;;52.304487,6.921112;52.305637,6.919374
ditch;;52.304316,6.921280;52.304427,6.921176
wall;;52.305678,6.927955;52.304153,6.922002
fence;;52.305460,6.926975;52.305839,6.926907;52.306040,6.926602;52.305872,6.926267
fence;;52.307231,6.920032;52.307630,6.919806;52.307433,6.918870;52.307203,6.919002;52.307145,6.918726;52.306840,6.918804
fence;;52.306843,6.919282;52.307175,6.920065
fence;;52.306712,6.918851;52.306817,6.919214
fence;;52.306993,6.919224;52.306962,6.919089
fence;;52.308436,6.917800;52.308469,6.917885
wall;;52.307971,6.916764;52.308007,6.916852
fence;;52.307556,6.915184;52.307570,6.915223
hedge;;52.307971,6.916764;52.307991,6.916394;52.307570,6.915223
hedge;;52.308436,6.917800;52.308286,6.917149;52.308078,6.917024
hedge;;52.308733,6.918243;52.308469,6.917885
hedge;;52.307556,6.915184;52.306968,6.914992;52.306556,6.918397;52.306807,6.918576;52.308429,6.918490;52.308806,6.918386;52.308758,6.918292
fence;;52.305584,6.922743;52.305480,6.922489;52.305672,6.922212;52.306010,6.922824;52.305837,6.923185;52.305770,6.923058
hedge;;52.305830,6.925006;52.305997,6.925566
hedge;;52.306127,6.925355;52.305956,6.924936
hedge;;52.305544,6.924808;52.305741,6.924896
hedge;;52.305503,6.924497;52.305523,6.924748
fence;;52.306391,6.923413;52.306761,6.924265;52.308002,6.922763;52.307905,6.922510
hedge;;52.307782,6.922195;52.307905,6.922510
hedge;;52.307737,6.922193;52.307680,6.922032;52.307537,6.922226;52.307620,6.922387
hedge;;52.307423,6.923214;52.307480,6.923336
hedge;;52.307677,6.922861;52.307620,6.922933
hedge;;52.307305,6.923357;52.307368,6.923492
hedge;;52.308359,6.925430;52.308434,6.925730
hedge;;52.308329,6.925216;52.308356,6.925421
wall;;52.308078,6.925758;52.308288,6.925571;52.308078,6.925758
fence;;52.310783,6.923670;52.311105,6.924149;52.310657,6.924588
wall;;52.310477,6.922815;52.310733,6.923121
hedge;;52.309626,6.929380;52.309685,6.929149;52.309626,6.929380
hedge;;52.309552,6.929490;52.309540,6.929610;52.309552,6.929490
hedge;;52.309522,6.929646;52.309452,6.929693;52.309522,6.929646
hedge;;52.309295,6.929450;52.309432,6.929687;52.309295,6.929450
hedge;;52.309222,6.929178;52.309314,6.929400;52.309222,6.929178
hedge;;52.309208,6.929029;52.309244,6.929145;52.309208,6.929029
hedge;;52.309216,6.928994;52.309621,6.928962;52.309685,6.929149;52.309716,6.928976;52.309216,6.928994
hedge;;52.309437,6.929222;52.309475,6.929266
hedge;;52.309542,6.929205;52.309489,6.929076;52.309433,6.929207
hedge;;52.309535,6.929227;52.309491,6.929267
hedge;;52.315298,6.932280;52.315267,6.932281
hedge;;52.315300,6.932392;52.315482,6.932381
hedge;;52.314772,6.932504;52.314772,6.932504
wall;;52.314588,6.930372;52.314588,6.930372
wall;;52.314775,6.930462;52.314656,6.930461;52.314775,6.930462
fence;;52.314970,6.930822;52.315086,6.931088
hedge;;52.315391,6.931910;52.315236,6.931977
hedge;;52.314742,6.931660;52.314779,6.931536
hedge;;52.314845,6.931661;52.314762,6.931596
hedge;;52.314810,6.931785;52.314782,6.931885
hedge;;52.314869,6.931579;52.314822,6.931741
hedge;;52.314910,6.931437;52.314881,6.931536
hedge;;52.314730,6.931287;52.314938,6.931462
wall;;52.314962,6.928707;52.315059,6.929192
fence;;52.314697,6.925889;52.314746,6.925925
wall;;52.314778,6.926039;52.314813,6.926103
hedge;;52.314397,6.926728;52.314310,6.926779;52.314474,6.927313
wall;;52.312462,6.924954;52.312480,6.924814
wall;;52.312976,6.925084;52.312986,6.924974
wall;;52.313020,6.925106;52.313049,6.924987
wall;;52.313512,6.925521;52.313547,6.925440
wall;;52.313581,6.925607;52.313605,6.925497
wall;;52.313578,6.925618;52.313993,6.926179;52.314051,6.926087;52.313994,6.926195;52.313578,6.925618
wall;;52.313020,6.925106;52.313512,6.925521;52.313020,6.925106
wall;;52.312462,6.924954;52.312976,6.925084;52.312462,6.924954
wall;;52.312414,6.924966;52.311935,6.925019;52.312414,6.924966
wall;;52.312413,6.924809;52.312414,6.924956
fence;;52.312046,6.924533;52.311974,6.924113;52.312222,6.924357
fence;;52.312042,6.924663;52.312063,6.924648
fence;;52.312495,6.924433;52.312460,6.924612
hedge;;52.311950,6.925109;52.312427,6.924995
hedge;;52.312462,6.924996;52.312975,6.925128
hedge;;52.313048,6.925463;52.313366,6.925744
hedge;;52.312955,6.925667;52.313303,6.925972
hedge;;52.313031,6.925157;52.313500,6.925560
hedge;;52.313541,6.925606;52.313970,6.926203
wall;;52.311551,6.925024;52.311508,6.925024
wall;;52.311483,6.924971;52.311449,6.924893
wall;;52.310250,6.926475;52.310137,6.926693
wall;;52.311483,6.925187;52.311575,6.925135
wall;;52.311585,6.925181;52.311495,6.925233
wall;;52.310524,6.928680;52.310682,6.927995;52.310602,6.928693
wall;;52.310229,6.928134;52.310243,6.928137
wall;;52.310233,6.928087;52.310247,6.928091
wall;;52.310445,6.928175;52.310507,6.928187
wall;;52.310489,6.928147;52.310521,6.928086
wall;;52.310480,6.927709;52.310530,6.927816
wall;;52.310496,6.927512;52.310516,6.927663
wall;;52.310440,6.927583;52.310446,6.927500
wall;;52.310302,6.927693;52.310266,6.928010
hedge;;52.311463,6.925591;52.311216,6.925865
hedge;;52.310650,6.927349;52.310785,6.927036
hedge;;52.310817,6.927025;52.310920,6.927036
hedge;;52.310807,6.926963;52.310940,6.926898
hedge;;52.311227,6.925979;52.311046,6.926021;52.310781,6.926970
fence;;52.311577,6.929507;52.311593,6.929564
fence;;52.312006,6.929017;52.311996,6.928988
fence;;52.311566,6.928906;52.311704,6.928838;52.311762,6.929059
wall;;52.310946,6.931304;52.311046,6.931184;52.310992,6.931399
fence;;52.311264,6.930623;52.311358,6.930480
wall;;52.311764,6.931342;52.311756,6.931432
wall;;52.311843,6.931230;52.311899,6.931232
wall;;52.311921,6.932439;52.311864,6.932930;52.312019,6.932903
wall;;52.313949,6.931647;52.313941,6.931466
wall;;52.313949,6.931673;52.313947,6.931722
wall;;52.313947,6.931750;52.313946,6.931797
wall;;52.313520,6.931574;52.313564,6.931715;52.313333,6.931798;52.313343,6.932067
wall;;52.313847,6.931817;52.313804,6.931680
wall;;52.312535,6.932516;52.312561,6.932595
wall;;52.314524,6.929815;52.314616,6.929864;52.314524,6.929815
wall;;52.314703,6.929794;52.314627,6.929818;52.314703,6.929794
wall;;52.314751,6.929830;52.314751,6.929830
fence;;52.313195,6.931043;52.313311,6.930984
fence;;52.312874,6.930911;52.312917,6.930529
wall;;52.313599,6.931218;52.313523,6.930843;52.313791,6.930499
wall;;52.313300,6.930486;52.313260,6.930300
wall;;52.313341,6.930468;52.313363,6.930458
wall;;52.313361,6.930190;52.313284,6.930252;52.313349,6.930388
wall;;52.313682,6.930336;52.313736,6.930472;52.313567,6.930650
wall;;52.312657,6.931086;52.312711,6.931129
wall;;52.312469,6.931045;52.312632,6.931080
wall;;52.312357,6.931291;52.312441,6.931039
wall;;52.313525,6.931438;52.313529,6.931338
wall;;52.312802,6.930201;52.312802,6.930201
wall;;52.312645,6.930160;52.312727,6.930197;52.312645,6.930160
wall;;52.312661,6.930009;52.312661,6.930009
wall;;52.312648,6.929878;52.312648,6.929878
wall;;52.313165,6.927927;52.313167,6.928071
wall;;52.313657,6.927113;52.313560,6.927275
wall;;52.313662,6.926921;52.313639,6.926892
wall;;52.313588,6.927050;52.313653,6.926911
wall;;52.313485,6.927196;52.313628,6.926930
wall;;52.313410,6.927214;52.313443,6.927257
fence;;52.312589,6.928995;52.312591,6.929273;52.312443,6.929372;52.312290,6.929060
hedge;;52.297221,6.930658;52.297225,6.930556
hedge;;52.297132,6.930245;52.297063,6.930647
hedge;;52.297656,6.930218;52.297798,6.930305
hedge;;52.297406,6.930199;52.297621,6.930218
hedge;;52.297368,6.930196;52.297202,6.930181
ditch;;52.296816,6.930580;52.296400,6.930565
ditch;;52.295603,6.930304;52.292434,6.929741
ditch;;52.296101,6.930469;52.295670,6.930319
hedge;;52.296752,6.930778;52.294982,6.930282;52.292215,6.929875;52.296752,6.930778
hedge;;52.297312,6.930875;52.297434,6.930882
ditch;;52.291638,6.929784;52.291314,6.929810
ditch;;52.292133,6.928005;52.292013,6.929247
ditch;;52.291695,6.927154;52.292166,6.927293;52.292134,6.927848
ditch;;52.291485,6.927132;52.291583,6.927141
ditch;;52.291004,6.927085;52.291176,6.927097
ditch;;52.290309,6.927021;52.290544,6.927044
ditch;;52.289928,6.926988;52.290140,6.927005
fence;;52.291264,6.929327;52.291271,6.928716
fence;;52.290813,6.928759;52.290823,6.928468;52.291271,6.928617
fence;;52.303313,6.927009;52.303227,6.926882
fence;;52.303387,6.926597;52.302335,6.928481;52.302571,6.929909;52.303015,6.929955
fence;;52.303621,6.925897;52.303228,6.926142
fence;;52.303711,6.926398;52.303401,6.924663;52.304490,6.924137
fence;;52.303496,6.926518;52.303942,6.926295;52.304107,6.926387;52.304907,6.925744
fence;;52.303591,6.926765;52.303785,6.926571;52.303752,6.926379
fence;;52.303970,6.929973;52.304178,6.929695
fence;;52.304179,6.930548;52.305787,6.929807
fence;;52.303796,6.927387;52.303626,6.927723;52.303874,6.929254;52.304126,6.929509;52.304305,6.930144;52.304152,6.930632
ditch;;52.303105,6.922554;52.301850,6.923358
ditch;;52.303885,6.922005;52.303181,6.922499
hedge;;52.297792,6.921338;52.298312,6.921535;52.298258,6.921969
hedge;;52.299394,6.922882;52.298841,6.922969
stream;;52.240140,6.906895;52.240132,6.906804
stream;;52.240132,6.906804;52.239901,6.906504;52.239790,6.905096
railway;;52.306093,6.932005;52.306165,6.932866
stream;Koppelleiding;52.290404,6.882361;52.290391,6.882211
stream;Koppelleiding;52.290401,6.882794;52.290404,6.882361
fence;;52.248451,6.929254;52.248661,6.929967
ditch;;52.295113,6.924117;52.294268,6.924238;52.294274,6.923883
hedge;;52.295407,6.923689;52.295414,6.923817
hedge;;52.295378,6.923695;52.295385,6.923822
hedge;;52.295367,6.923475;52.295373,6.923602
hedge;;52.295396,6.923471;52.295403,6.923598
hedge;;52.295384,6.923251;52.295391,6.923379
hedge;;52.295355,6.923251;52.295362,6.923379
ditch;;52.292867,6.924843;52.293624,6.924298
ditch;;52.292942,6.924501;52.293717,6.924190
ditch;;52.292915,6.924353;52.293010,6.924428
ditch;;52.292837,6.924212;52.293582,6.924144
ditch;;52.294172,6.922830;52.294339,6.922977
ditch;;52.294018,6.922696;52.294067,6.922736
ditch;;52.293599,6.922320;52.293884,6.922561
ditch;;52.292600,6.921460;52.293137,6.921927
ditch;;52.293234,6.922002;52.293322,6.922076
ditch;;52.300195,6.912438;52.300596,6.911771
ditch;;52.300031,6.912715;52.299867,6.913039;52.300713,6.914113
ditch;;52.300128,6.912547;52.300063,6.912657
ditch;;52.302150,6.915139;52.301890,6.915065
ditch;;52.301812,6.915041;52.301599,6.914983
ditch;;52.301488,6.914953;52.301210,6.914739
ditch;;52.301131,6.914643;52.300870,6.914306
ditch;;52.290678,6.927065;52.290789,6.927072
stream;;52.253349,6.910021;52.253478,6.909211
stream;;52.253478,6.909211;52.253484,6.909142
wall;;52.236510,6.903700;52.236510,6.903804
fence;;52.236606,6.903139;52.236605,6.902889;52.236444,6.902893
fence;;52.236455,6.902911;52.236455,6.903132
wall;;52.236599,6.903805;52.236599,6.903701
fence;;52.236399,6.903335;52.236401,6.902888
fence;;52.236864,6.903542;52.236865,6.903661
wall;;52.236510,6.903778;52.236359,6.904003
wall;;52.236322,6.903971;52.236306,6.903432
wall;;52.236686,6.903702;52.236686,6.903805
wall;;52.236772,6.903702;52.236772,6.903806
fence;;52.236793,6.903148;52.236863,6.903148
railway;;52.303858,6.930614;52.304128,6.930608
hedge;;52.299203,6.908856;52.299341,6.909108
hedge;;52.299393,6.909444;52.299305,6.909750
hedge;;52.298734,6.908006;52.299112,6.908688
hedge;;52.299278,6.909896;52.299062,6.910368
hedge;;52.298488,6.907562;52.298645,6.907853
hedge;;52.298292,6.907736;52.298161,6.907502
hedge;;52.298806,6.908666;52.298949,6.908922
hedge;;52.299017,6.909049;52.299259,6.909404;52.299116,6.909810
hedge;;52.299020,6.909985;52.298903,6.910237
hedge;;52.298206,6.907044;52.298396,6.907395
hedge;;52.298791,6.911004;52.298619,6.911322;52.298762,6.911562
hedge;;52.298849,6.911673;52.298975,6.911904
hedge;;52.299027,6.911969;52.299087,6.912046
hedge;;52.299267,6.912263;52.299360,6.912396
hedge;;52.298425,6.911205;52.298148,6.910860
hedge;;52.298389,6.910919;52.298446,6.910799
hedge;;52.298011,6.910687;52.297565,6.910119
hedge;;52.296898,6.909274;52.297195,6.909650
hedge;;52.296837,6.909108;52.296836,6.908900;52.297342,6.908205
hedge;;52.297461,6.907954;52.297934,6.907244;52.298125,6.907330
hedge;;52.296666,6.908918;52.297017,6.908381
hedge;;52.297326,6.907915;52.297567,6.907551
hedge;;52.297589,6.907516;52.297777,6.907231
hedge;;52.297811,6.907179;52.297957,6.906956
hedge;;52.298465,6.906185;52.298010,6.906875
wall;;52.298879,6.907763;52.298765,6.907930;52.298991,6.908309
wall;;52.299103,6.908538;52.299200,6.908609
wall;;52.299147,6.907498;52.299047,6.907646
wall;;52.299131,6.907469;52.299007,6.907572
hedge;;52.297996,6.913999;52.297958,6.914027
hedge;;52.297890,6.913943;52.297924,6.913918
hedge;;52.297817,6.913855;52.297849,6.913830
hedge;;52.297745,6.913768;52.297776,6.913744
hedge;;52.297677,6.913685;52.297706,6.913656
hedge;;52.297681,6.913536;52.297667,6.913479
hedge;;52.297705,6.913397;52.297717,6.913453
hedge;;52.297742,6.913315;52.297754,6.913369
hedge;;52.297792,6.913288;52.297779,6.913235
hedge;;52.297982,6.913231;52.297866,6.913030
hedge;;52.297976,6.912773;52.298016,6.912890
hedge;;52.297982,6.912966;52.297957,6.913023
hedge;;52.298103,6.912491;52.298232,6.912649;52.298175,6.912779
fence;;52.237537,6.900788;52.237522,6.900910
fence;;52.238288,6.901160;52.237537,6.900788
fence;;52.237516,6.900972;52.237487,6.902000
railway;;52.233761,6.896577;52.233704,6.896425
railway;;52.281430,6.892793;52.281481,6.893825
fence;;52.272684,6.874428;52.272535,6.874672
fence;;52.272269,6.873826;52.272130,6.874013
railway;Amelinkpad;52.247398,6.909352;52.247651,6.909578
stream;Hesbeek;52.275573,6.875136;52.275911,6.872950;52.276247,6.871773;52.276704,6.871152;52.277370,6.870816
stream;Hesbeek;52.279098,6.870552;52.279214,6.870403;52.279697,6.867279;52.280156,6.866254
stream;;52.279018,6.870626;52.279098,6.870552
stream;Hesbeek;52.277584,6.870748;52.278073,6.870933;52.279018,6.870626
stream;;52.277370,6.870816;52.277584,6.870748
stream;Hesbeek;52.275911,6.872950;52.275644,6.870859;52.276136,6.869292;52.276326,6.869093;52.276579,6.869236;52.276815,6.870452;52.277372,6.870691
stream;;52.277372,6.870691;52.277584,6.870748
fence;;52.264785,6.892503;52.263794,6.896845
fence;;52.240079,6.895429;52.240096,6.895755;52.239664,6.895815;52.239723,6.895522;52.240079,6.895429
hedge;;52.308495,6.888419;52.308483,6.888986
hedge;;52.308481,6.889036;52.308475,6.889316
hedge;;52.308476,6.889342;52.308467,6.889640
fence;;52.306879,6.893075;52.306667,6.892934
fence;;52.306791,6.892504;52.306975,6.892809
fence;;52.303704,6.891224;52.303723,6.891308
fence;;52.303762,6.891486;52.303781,6.891570
fence;;52.303820,6.891747;52.303839,6.891833
fence;;52.303879,6.892014;52.303897,6.892094
fence;;52.303936,6.892269;52.303916,6.892409
fence;;52.304282,6.893920;52.304321,6.894080
ditch;;52.292669,6.874630;52.290975,6.869968;52.290006,6.867885;52.288210,6.864611
fence;;52.314710,6.930047;52.314694,6.929811;52.314534,6.929828;52.314710,6.930047
