cycle;Spoorstraat;52.304347,6.931568;52.304863,6.931344;52.305892,6.930748
residential;Textielstraat;52.302794,6.924088;52.303076,6.925793
residential;Textielstraat;52.301562,6.924622;52.301843,6.926336;52.303076,6.925793
residential;Sparstraat;52.306300,6.924024;52.306378,6.924224;52.306211,6.924406;52.306135,6.924867;52.306377,6.925504
residential;Deurningerstraat;52.311644,6.924338;52.311900,6.925108
residential;Lindestraat;52.310291,6.926183;52.310162,6.925815;52.309655,6.923485
residential;Steenstraat;52.309852,6.927106;52.310011,6.927284;52.310173,6.927345
residential;Prins Hendrikstraat;52.309430,6.930427;52.309838,6.929672;52.309954,6.929244;52.310028,6.928660
residential;Watertorenstraat;52.309236,6.930777;52.309430,6.930427
residential;P.J. Geldermanstraat;52.300737,6.932492;52.301409,6.932223;52.302109,6.931800;52.302375,6.931760;52.302427,6.931815;52.302621,6.932872
residential;Burgemeester Storkstraat;52.301409,6.932223;52.301682,6.933449;52.301886,6.933960
foot;Burgemeester Storkstraat;52.301314,6.931831;52.301409,6.932223
residential;Kistemakerstraat;52.301659,6.933301;52.302246,6.932494;52.302515,6.932352
track;Burgemeester Tegelstraat;52.301024,6.930241;52.301873,6.930029;52.302458,6.930071
residential;Industriestraat;52.306410,6.928761;52.306772,6.929843
residential;Stationsstraat;52.306389,6.931040;52.306593,6.933383
residential;Industriestraat;52.306133,6.926553;52.305818,6.927048;52.305762,6.927479;52.305827,6.927834;52.305970,6.928190;52.306153,6.928514;52.306357,6.928743
residential;Beukplein;52.307709,6.926451;52.307980,6.926709
residential;Beukplein;52.307411,6.926199;52.307709,6.926451
residential;Eikstraat;52.306949,6.924883;52.307076,6.925150;52.307614,6.925762
residential;Kastanjestraat;52.307206,6.926628;52.308009,6.924958;52.308131,6.924793;52.308680,6.924258;52.309655,6.923485
residential;Katoenstraat;52.306357,6.928743;52.306507,6.928706;52.306959,6.928053
residential;Wilhelminastraat;52.308936,6.933134;52.310477,6.932311
residential;Beukersmolen;52.308138,6.926320;52.308178,6.926679;52.308233,6.926724;52.308498,6.926539;52.308777,6.926540
residential;Sparstraat;52.305700,6.925771;52.305795,6.925686;52.306334,6.925653;52.306377,6.925504;52.307331,6.924482;52.309288,6.922197
residential;Watertorenstraat;52.307653,6.932090;52.307826,6.932173
residential;Haerstraat;52.306389,6.931040;52.306506,6.931055;52.307210,6.932652
residential;Carmelstraat;52.306334,6.925653;52.306613,6.925978;52.306675,6.925966;52.307092,6.926521;52.308321,6.927634
tertiary;Berkstraat;52.306058,6.918396;52.306609,6.919015
residential;Steenstraat;52.310226,6.927353;52.310578,6.927427;52.310736,6.927576
residential;Pastoriestraat;52.310088,6.928671;52.310641,6.928770
residential;Steenstraat;52.310173,6.927345;52.310226,6.927353
residential;Prins Hendrikstraat;52.310028,6.928660;52.310173,6.927345
residential;Deurningerstraat;52.311952,6.925333;52.312115,6.926088
residential;Kortestraat;52.311899,6.926240;52.312115,6.926088
pedestrian;Grootestraat;52.313084,6.928010;52.313212,6.928347
pedestrian;Grootestraat;52.312125,6.927781;52.312576,6.927753;52.313084,6.928010
residential;Kerkstraat;52.312696,6.928923;52.312981,6.929057
residential;Sint Plechelmusplein;52.312072,6.928573;52.312120,6.928844;52.312294,6.929307
residential;Pastoriestraat;52.311400,6.928905;52.312072,6.928573
residential;Gasthuisstraat;52.311636,6.929903;52.311462,6.929348;52.311400,6.928905
residential;Sint Plechelmusplein;52.312696,6.928923;52.312615,6.928894
residential;Ganzenmarkt;52.312660,6.931008;52.312338,6.930915
residential;Gasthuisstraat;52.311240,6.927532;52.311387,6.927460
residential;Gasthuisstraat;52.311240,6.927532;52.311374,6.928784
residential;Wilhelminastraat;52.311345,6.931758;52.312091,6.930689
pedestrian;Steenstraat;52.310794,6.927591;52.311048,6.927621;52.311240,6.927532
residential;Wilhelminastraat;52.310679,6.930372;52.310864,6.931179;52.311139,6.931936
residential;Westwal;52.310578,6.927427;52.310784,6.926606;52.311057,6.925912;52.311382,6.925330;52.311473,6.925279
pedestrian;Vinkenstraat;52.312696,6.928923;52.312720,6.928440;52.312808,6.927864
residential;Sint Plechelmusplein;52.312294,6.929307;52.312477,6.929433
residential;Zuidwal;52.311206,6.931894;52.311447,6.932198;52.311913,6.932352
residential;Ganzenmarkt;52.312091,6.930689;52.312338,6.930915
residential;Sint Plechelmusplein;52.312118,6.928189;52.312423,6.928218;52.312512,6.928339;52.312615,6.928894;52.312625,6.929361
residential;Oostwal;52.313385,6.932440;52.313669,6.932392;52.313748,6.932275
pedestrian;Marktstraat;52.313328,6.929496;52.313366,6.929153
pedestrian;Marktstraat;52.313328,6.929496;52.313160,6.930030
pedestrian;Grootestraat;52.313212,6.928347;52.313366,6.929153
pedestrian;Boterstraat;52.313212,6.928347;52.313888,6.928568
pedestrian;Nagelstraat;52.314052,6.926395;52.313802,6.926876;52.313329,6.927483;52.313084,6.928010
residential;Paradijsstraat;52.312660,6.931008;52.313130,6.931230;52.313942,6.931299
residential;Textielstraat;52.303076,6.925793;52.303118,6.926041;52.303496,6.926631
tertiary;Burgemeester Wallerstraat;52.303019,6.932412;52.303224,6.932235
residential;Populierstraat;52.308781,6.926447;52.309944,6.926335;52.309964,6.926392;52.309902,6.926522
residential;Burgemeester Tegelstraat;52.302482,6.932154;52.302907,6.931970
residential;J.W. Racerstraat;52.302409,6.931773;52.302843,6.931575
residential;J.W. Racerstraat;52.302448,6.931747;52.302474,6.931344;52.302673,6.931253
residential;Langestraat;52.312115,6.926088;52.312423,6.925976
residential;Vestingstraat;52.311931,6.925236;52.312442,6.925118;52.312971,6.925252;52.313336,6.925523;52.313940,6.926329;52.314051,6.926320
residential;Pastoriestraat;52.310641,6.928770;52.310639,6.929249
pedestrian;Deurningerstraat;52.311899,6.926240;52.312101,6.927137;52.312125,6.927781
pedestrian;Steenstraat;52.311387,6.927460;52.312070,6.927819
residential;Ganzenmarkt;52.312204,6.929429;52.311809,6.929993;52.311824,6.930198;52.312091,6.930689
residential;Op den Koem;52.311952,6.925333;52.311553,6.925586;52.311261,6.925921
residential;Kortestraat;52.311387,6.927460;52.311522,6.926724;52.311727,6.926389;52.311899,6.926240
residential;Pastoriestraat;52.311374,6.928784;52.310678,6.928784
residential;Kerkstraat;52.312625,6.929361;52.312967,6.929223;52.312981,6.929057;52.313366,6.929153
residential;Poortstraat;52.312421,6.932183;52.312902,6.932213;52.313366,6.932153
tertiary;Prins Bernhardstraat;52.307291,6.930221;52.307240,6.929972
tertiary;Prins Bernhardstraat;52.307357,6.930481;52.307666,6.931790;52.307653,6.932090
residential;Bisschop Balderikstraat;52.304207,6.931604;52.304222,6.931696
tertiary;Nieuwstraat;52.310291,6.926183;52.311644,6.924338
tertiary;Steenstraat;52.308687,6.927310;52.309145,6.927230;52.309662,6.927308;52.309852,6.927106
tertiary;Nieuwstraat;52.309852,6.927106;52.310291,6.926183
secondary;Spoorstraat;52.308321,6.927634;52.308687,6.927310
secondary;Enschedesestraat;52.302687,6.930539;52.303333,6.930571;52.303856,6.930885
secondary;Enschedesestraat;52.303856,6.930885;52.304017,6.931009;52.304129,6.931264
secondary;Prossinkhof;52.310477,6.932311;52.310591,6.932931;52.310753,6.933184;52.311606,6.933324;52.312376,6.933580
secondary;Enschedesestraat;52.300585,6.931360;52.301917,6.930662;52.302687,6.930539
secondary;Spoorstraat;52.304283,6.931394;52.305384,6.930955;52.305879,6.930634
secondary;Spoorstraat;52.305879,6.930634;52.306090,6.930480
secondary;Spoorstraat;52.307009,6.929497;52.306407,6.930176
secondary;Spoorstraat;52.307248,6.929108;52.307009,6.929497
secondary;Spoorstraat;52.308321,6.927634;52.307601,6.928636
secondary;Beatrixstraat;52.308856,6.928710;52.309024,6.929637;52.309430,6.930427
tertiary;Tulpstraat;52.314147,6.924661;52.314452,6.925352
residential;Deken Scholtenstraat;52.315433,6.927929;52.317186,6.927401;52.317779,6.926926
residential;Bentinckstraat;52.317113,6.925420;52.317207,6.926126
residential;Deken Scholtenstraat;52.317779,6.926926;52.317925,6.926806
residential;Bentinckstraat;52.315939,6.925271;52.316350,6.925210;52.316704,6.925456;52.316890,6.925473;52.317740,6.925203;52.318471,6.924862
residential;Haverstraat;52.316886,6.931643;52.317165,6.931829;52.317217,6.932315
residential;Kruisstraat;52.319158,6.932263;52.318627,6.932300;52.318163,6.932067;52.317743,6.932140
residential;Doctor Ariënsstraat;52.317779,6.926926;52.318145,6.928005;52.318238,6.927930
residential;Eschstraat;52.316576,6.927284;52.316852,6.930477;52.316833,6.930682
residential;Doctor Sloetstraat;52.316612,6.925399;52.316546,6.925664;52.316798,6.927231
residential;Irisstraat;52.316505,6.925300;52.316625,6.924186;52.316535,6.922299
tertiary;Ootmarsumsestraat;52.315391,6.930412;52.316833,6.930682
residential;Haverstraat;52.317073,6.930838;52.316886,6.931643
residential;Haverstraat;52.316732,6.932323;52.316886,6.931643
residential;Sint Josephstraat;52.315931,6.925272;52.316026,6.927413
residential;Doctor Schaepmanstraat;52.315312,6.926517;52.315399,6.926439;52.315984,6.926355
residential;Monnikstraat;52.314047,6.931804;52.314659,6.932917;52.314720,6.933409
residential;Monnikstraat;52.314250,6.931285;52.313942,6.931299
residential;Monnikstraat;52.313904,6.930757;52.313942,6.931299
pedestrian;Bisschopstraat;52.314109,6.929762;52.314685,6.930138
residential;Oostwal;52.313748,6.932275;52.313854,6.932346;52.314118,6.932242
residential;Noordwal;52.314411,6.926694;52.314619,6.927337;52.314671,6.928134
residential;Monnikstraat;52.314047,6.931804;52.314250,6.931285
pedestrian;Monnikstraat;52.313845,6.930505;52.314007,6.930137;52.314109,6.929762
pedestrian;Waagstraat;52.314053,6.929720;52.314129,6.928593
residential;Oostwal;52.313748,6.932275;52.313897,6.931958;52.314068,6.931882
residential;Walstraat;52.313904,6.930757;52.314151,6.930723;52.314464,6.930828
residential;Glindestraat;52.317123,6.927146;52.317726,6.929132
residential;Meijbreestraat;52.317743,6.932140;52.317752,6.932269
residential;Haverstraat;52.316106,6.932721;52.316273,6.932327;52.317752,6.932269
residential;Meijbreestraat;52.317669,6.931182;52.317743,6.932140
pedestrian;Boterstraat;52.314129,6.928593;52.314485,6.928516
residential;Nagelstraat;52.314079,6.926168;52.314426,6.925503
residential;Kloosterstraat;52.314052,6.926395;52.314327,6.927026;52.314448,6.927571;52.314523,6.929216;52.314763,6.929483
pedestrian;Bisschopstraat;52.314053,6.929720;52.313806,6.929525
residential;Monnikstraat;52.313942,6.931299;52.314047,6.931804
tertiary;Molenstraat;52.315391,6.930412;52.315602,6.931718;52.315810,6.932350;52.315990,6.932607
residential;Deken Scholtenstraat;52.317855,6.926580;52.317123,6.927146;52.315436,6.927537
tertiary;Tulpstraat;52.314532,6.925472;52.315202,6.926337;52.315381,6.926702;52.315437,6.927155;52.315433,6.927929;52.315639,6.929892
residential;Doctor Ariënsstraat;52.317618,6.925243;52.317855,6.926580;52.318843,6.930209;52.318886,6.930743
residential;Jan Jansstraat;52.313556,6.910886;52.313186,6.912098;52.313834,6.912693
primary;Provinciale Rondweg;52.313257,6.914793;52.308992,6.911784
tertiary;Huurnestraat;52.312485,6.923862;52.312525,6.923494;52.312877,6.923221;52.313589,6.922399;52.313875,6.921970
residential;Narcissenstraat;52.311722,6.921480;52.313275,6.921204;52.313419,6.921051;52.314263,6.920739
residential;Bloemenstraat;52.313589,6.922399;52.313774,6.924027
residential;Umbrialaan;52.317303,6.918128;52.317385,6.917754;52.317377,6.917471
residential;Doctor Kuijperstraat;52.317104,6.922178;52.317618,6.925243
residential;Umbrialaan;52.316996,6.918955;52.317083,6.918840;52.317303,6.918128
tertiary;Anjerstraat;52.317104,6.922178;52.317207,6.922062
residential;Lombardialaan;52.317549,6.918702;52.317739,6.918491;52.317805,6.918519;52.318382,6.919901
residential;B.A.A. Engelbertinklaan;52.317513,6.921717;52.317671,6.921531
residential;Rhodoslaan;52.317965,6.915680;52.317521,6.916611;52.316742,6.916457;52.316829,6.915209;52.317183,6.914140;52.317502,6.913888
residential;Kassandralaan;52.317426,6.913649;52.317502,6.913888
tertiary;Anjerstraat;52.317207,6.922062;52.317513,6.921717
residential;Leliestraat;52.315172,6.918500;52.315634,6.918323;52.315951,6.918845;52.316189,6.919954;52.316896,6.920904;52.317022,6.921253;52.317132,6.921861;52.317207,6.922062
residential;Corfulaan;52.316735,6.914826;52.317400,6.915413
residential;Thijlaan;52.316196,6.912951;52.316861,6.913189;52.317289,6.912404;52.317222,6.912354
residential;Venetolaan;52.317926,6.917371;52.318450,6.918640;52.318511,6.918757;52.318657,6.918846
residential;Koslaan;52.317890,6.914371;52.318515,6.913050
residential;Samoslaan;52.317538,6.915140;52.317965,6.915680;52.318206,6.915720;52.318540,6.916146
cycle;Huurnestraat;52.313875,6.921970;52.314147,6.921525;52.314286,6.921430
residential;Meester Treubstraat;52.317439,6.924159;52.318081,6.923832
residential;Meester de Savornin Lohmanstraat;52.317207,6.922062;52.317268,6.922197;52.317511,6.922278
residential;Kassandralaan;52.317502,6.913888;52.318064,6.914600;52.318308,6.914665;52.318895,6.915407
residential;Parnonlaan;52.317319,6.916564;52.317400,6.915413;52.317722,6.914741
tertiary;Thijlaan;52.315890,6.914620;52.316052,6.914102;52.316196,6.912951
residential;Jhr. van Coeverdenstraat;52.315088,6.910697;52.315995,6.911482
residential;Umbrialaan;52.317851,6.920515;52.318014,6.920312
residential;Umbrialaan;52.317303,6.918128;52.317549,6.918702;52.317515,6.919124;52.318014,6.920312
residential;Asterstraat;52.314147,6.924661;52.314304,6.924523;52.314562,6.924419
residential;B.A.A. Engelbertinklaan;52.317933,6.921237;52.318761,6.920283;52.319037,6.918935;52.319114,6.918731;52.319261,6.918540
tertiary;Anjerstraat;52.313875,6.921970;52.314104,6.922244;52.314369,6.922349
residential;Rozenstraat;52.315935,6.924118;52.315808,6.922714;52.315845,6.922155
tertiary;Anjerstraat;52.314369,6.922349;52.315529,6.922117;52.316490,6.922298;52.317104,6.922178
residential;Violenstraat;52.314467,6.923339;52.315838,6.923043
residential;Jan Jansstraat;52.313792,6.913057;52.315066,6.914169
residential;W.G.A.J. Röringstraat;52.314415,6.913599;52.314912,6.912074
residential;Korenbloemstraat;52.314819,6.918561;52.314800,6.918248;52.314903,6.917391
residential;B.A.A. Engelbertinklaan;52.317671,6.921531;52.317870,6.921308
residential;Tijgaardenstraat;52.314369,6.922349;52.314562,6.924419
residential;Meester G.J. ter Kuilestraat;52.313792,6.913057;52.313752,6.912958;52.314235,6.911479
residential;Tijgaardenstraat;52.314089,6.918690;52.314331,6.921316;52.314287,6.921506;52.314369,6.922349
residential;G.J. Muldersstraat;52.315066,6.914169;52.315129,6.914143;52.315614,6.912675
residential;Dahliastraat;52.315172,6.918500;52.315548,6.921008
tertiary;Oude Rondweg;52.315887,6.918230;52.316570,6.919440;52.317513,6.921717
tertiary;Thijlaan;52.316196,6.912951;52.316603,6.910085;52.317232,6.908163
tertiary;Graveneslaan;52.315890,6.914620;52.316587,6.915241
tertiary;Griekenlandlaan;52.315889,6.918010;52.315941,6.917929
tertiary;Graveneslaan;52.313935,6.914493;52.314118,6.914068;52.314314,6.913992;52.314948,6.914429;52.315890,6.914620
tertiary;Tulpstraat;52.312485,6.923862;52.313561,6.923951;52.313774,6.924027;52.313953,6.924202;52.314147,6.924661
residential;Delagoslaan;52.317426,6.913649;52.317853,6.913008;52.318079,6.912516
tertiary;Oude Rondweg;52.317513,6.921717;52.318064,6.923032
primary;Provinciale Rondweg;52.308992,6.911784;52.307773,6.910786
residential;Hengelosestraat;52.302105,6.900116;52.302158,6.900329;52.302003,6.900808;52.302016,6.901133
residential;Visschedijkweg;52.299804,6.913051;52.301290,6.914904
residential;Anton Geesinkstraat;52.309202,6.916090;52.309168,6.913093;52.309125,6.913017
residential;Joop Zoetemelkstraat;52.308651,6.914227;52.308653,6.913043;52.309125,6.913017
residential;Jan van Galenstraat;52.310283,6.920089;52.310845,6.919922
residential;Kortenaerstraat;52.310450,6.920877;52.310919,6.920743
residential;Zoddenbergstraat;52.308414,6.921595;52.308830,6.921200
residential;Textielstraat;52.301400,6.923630;52.301562,6.924622
residential;de Matenstraat;52.307614,6.915068;52.307841,6.914916;52.308249,6.914854
residential;Sparstraat;52.309288,6.922197;52.310016,6.921691
residential;Iepstraat;52.309622,6.923061;52.310244,6.922372
residential;de Matenstraat;52.307694,6.913028;52.308300,6.913257
residential;Zoddenbergstraat;52.308371,6.920125;52.308006,6.920533;52.308414,6.921595
residential;de Matenstraat;52.308385,6.912241;52.308271,6.913833;52.308257,6.915320;52.308348,6.916261;52.308512,6.916695
residential;Titus Brandsmastraat;52.307092,6.920244;52.308780,6.919301;52.309150,6.918980
residential;Lindestraat;52.309288,6.922197;52.308440,6.920346;52.308262,6.919587
residential;de Ruyterstraat;52.309860,6.918268;52.310040,6.919202;52.310764,6.922072
residential;Ada Kokstraat;52.308306,6.916903;52.309202,6.916090;52.309458,6.915971;52.310788,6.915941;52.311556,6.916182
residential;Joop Zoetemelkstraat;52.308325,6.914251;52.309177,6.914197
residential;Abe Lenstrastraat;52.309182,6.914485;52.309550,6.914509;52.310756,6.915360
residential;Trompstraat;52.310040,6.919202;52.311013,6.918784;52.311417,6.918784
residential;Witte de Withstraat;52.310637,6.921643;52.310988,6.921557
residential;Karel Doormanstraat;52.310757,6.918899;52.311012,6.921756
residential;Piet Heinstraat;52.310484,6.922703;52.310764,6.922072;52.311012,6.921756;52.311722,6.921480
residential;Evertsenstraat;52.310851,6.921949;52.311118,6.922344;52.311277,6.922291;52.311308,6.922175;52.311259,6.921659
residential;Hyacinthstraat;52.311556,6.916182;52.311406,6.917837
residential;Narcissenstraat;52.312455,6.921733;52.312833,6.921669;52.312898,6.921289
residential;Narcissenstraat;52.311852,6.921985;52.312180,6.921776;52.312455,6.921733
residential;Papaverstraat;52.312478,6.918246;52.312368,6.919364;52.312458,6.920188;52.312502,6.921368
residential;Narcissenstraat;52.312455,6.921733;52.312502,6.921368
residential;Primulastraat;52.311406,6.917837;52.312478,6.918246;52.314089,6.918690;52.315172,6.918500
residential;Lyceumstraat;52.305700,6.925771;52.307218,6.928544
residential;Inslagstraat;52.305891,6.919784;52.305981,6.919757;52.306072,6.919845;52.306543,6.920723
residential;Textielstraat;52.301562,6.924622;52.302794,6.924088
residential;Tom Okkerstraat;52.309728,6.915962;52.309718,6.914766;52.309748,6.914649
residential;Textielstraat;52.302794,6.924088;52.303300,6.923850
residential;Abe Lenstrastraat;52.310694,6.915940;52.310836,6.914918
residential;Gammelkerstraat;52.309150,6.918980;52.309784,6.918301;52.310159,6.917996;52.310652,6.917845;52.311406,6.917837
residential;Begoniastraat;52.313137,6.918438;52.313325,6.920981;52.313875,6.921970
residential;Titus Brandsmastraat;52.306543,6.920723;52.306778,6.920445;52.307092,6.920244
residential;Visschedijkweg;52.301290,6.914904;52.302276,6.915233
tertiary;Tulpstraat;52.312171,6.923845;52.312485,6.923862
tertiary;Kelvinstraat;52.302273,6.920755;52.302544,6.921851
residential;Visschedijkweg;52.305933,6.918271;52.306058,6.918396
residential;Visschedijkweg;52.304748,6.916314;52.305297,6.916791;52.305898,6.918188
residential;Visschedijkweg;52.302384,6.915263;52.302945,6.915423
tertiary;Kelvinstraat;52.300846,6.915659;52.300987,6.915861;52.301057,6.916089;52.302273,6.920755
tertiary;Kleibultweg;52.300407,6.915697;52.300682,6.915621;52.300846,6.915659
tertiary;Hengelosestraat;52.306728,6.914193;52.307132,6.914371;52.307339,6.914538;52.307614,6.915068
tertiary;Hengelosestraat;52.307614,6.915068;52.308065,6.916324;52.309374,6.919587;52.310162,6.922201;52.310324,6.922511;52.311224,6.923605;52.311644,6.924338
tertiary;Tulpstraat;52.311644,6.924338;52.312171,6.923845
primary;Ossenmaatstraat;52.307223,6.911366;52.306904,6.912843;52.306728,6.914193
primary;Ossenmaatstraat;52.306209,6.918384;52.306463,6.917275;52.306696,6.915489
primary;Ossenmaatstraat;52.306297,6.917485;52.306091,6.918284
primary;Ossenmaatstraat;52.306853,6.914237;52.307194,6.912168
residential;Hamburgstraat;52.296633,6.909039;52.298506,6.911412
residential;P.J. Geldermanstraat;52.298025,6.932685;52.299327,6.932780;52.300405,6.932606;52.300737,6.932492
tertiary;Hinmanweg;52.292464,6.916743;52.292524,6.917041;52.294302,6.918380
residential;Marconistraat;52.294302,6.918380;52.293297,6.921664;52.293290,6.921850;52.293320,6.921940;52.294491,6.922945
residential;Multatulistraat;52.293244,6.917541;52.293355,6.915735;52.293445,6.915275
residential;Ainsworthstraat;52.297976,6.920142;52.297890,6.919687;52.297988,6.918919
residential;Multatulistraat;52.293445,6.915275;52.293950,6.913919;52.294248,6.913329;52.294619,6.912878
residential;Sacharovstraat;52.293445,6.915275;52.294376,6.916006;52.294559,6.915994;52.294686,6.915859;52.295402,6.914325
residential;Burgemeester Essinkstraat;52.298851,6.931351;52.298875,6.932749
residential;Newtonstraat;52.296359,6.922065;52.296356,6.921549;52.296912,6.920598;52.297060,6.920570;52.297745,6.920913
residential;Jaartsveldstraat;52.295747,6.929884;52.295832,6.926322
cycle;Enschedesestraat;52.291967,6.930350;52.292043,6.930112;52.292249,6.929753
residential;Elsmorsweg;52.291258,6.929889;52.291423,6.927010
cycle;Enschedesestraat;52.290563,6.929470;52.290900,6.929485;52.291013,6.929843;52.291258,6.929889
residential;Kleibultweg;52.293926,6.926587;52.293850,6.926000;52.293883,6.925043
residential;Oude Lossersestraat;52.293364,6.933409;52.293474,6.933046;52.293582,6.932869;52.294304,6.932435;52.295468,6.931359;52.295871,6.931312;52.297433,6.931736;52.297895,6.931689
residential;Gerard Hollinkstraat;52.295747,6.929884;52.295853,6.930009;52.297931,6.930146
residential;Edisonstraat;52.298804,6.915952;52.298826,6.917081;52.299320,6.920145;52.299482,6.923062
residential;Nijverheidsstraat;52.294692,6.928378;52.294280,6.928325;52.294070,6.928430;52.293411,6.928377;52.293329,6.928303;52.293284,6.928125;52.293360,6.926756;52.293473,6.926656;52.293926,6.926587
residential;Schelmaatstraat;52.297939,6.930342;52.297911,6.929044;52.298012,6.926025
residential;Richtersmaatstraat;52.295358,6.931431;52.296013,6.933465;52.295792,6.935338
residential;Ainsworthstraat;52.294808,6.921890;52.295170,6.922150;52.295387,6.922203;52.297463,6.921913;52.297588,6.921822
residential;Tichelstraat;52.297585,6.931756;52.297889,6.934671
residential;Schelmaatstraat;52.298061,6.924597;52.298012,6.926025
cycle;Enschedesestraat;52.292824,6.930422;52.295734,6.930700;52.297693,6.931176
cycle;Enschedesestraat;52.292249,6.929753;52.291984,6.929498;52.291808,6.929794;52.291514,6.929887
residential;Willem Vleertmanstraat;52.294238,6.911936;52.294828,6.913334;52.295402,6.914325;52.295866,6.914949;52.296612,6.915690;52.297543,6.916879
residential;Dellenbeekstraat;52.294188,6.934375;52.294460,6.933545;52.294565,6.933364;52.295943,6.932173;52.296208,6.932127;52.297250,6.932414;52.297646,6.932339
tertiary;Eekboerstraat;52.299513,6.923575;52.299546,6.924269
residential;Kleibultweg;52.293926,6.926587;52.294429,6.929071;52.294383,6.929760;52.294004,6.929737
cycle;Enschedesestraat;52.291967,6.930350;52.292824,6.930422
residential;Ainsworthstraat;52.297588,6.921822;52.297813,6.920427;52.297849,6.920288;52.297976,6.920142
residential;J.H. Nieuwenhuisstraat;52.297880,6.931548;52.298025,6.932685;52.298325,6.936049
residential;Enschedesestraat;52.290563,6.929470;52.290256,6.929808;52.289489,6.929754
cycle;Lossersestraat;52.292221,6.931798;52.292342,6.932238;52.292788,6.933260;52.292767,6.933568
residential;Ainsworthstraat;52.297976,6.920142;52.299347,6.920436
residential;Schuttersveldstraat;52.297920,6.928767;52.299170,6.928804;52.299369,6.928696;52.300238,6.927834
residential;Ainsworthstraat;52.297588,6.921822;52.297672,6.921991;52.297708,6.922631
residential;Nijverheidsstraat;52.293926,6.926587;52.298012,6.926025
tertiary;Marconistraat;52.294302,6.918380;52.295661,6.919539;52.295792,6.919747
residential;Hinmanweg;52.292018,6.916707;52.292151,6.916811;52.292279,6.916762
residential;Hinmanweg;52.289530,6.926440;52.289840,6.924260;52.289850,6.923640;52.289721,6.921547;52.289893,6.919893;52.289919,6.917932;52.290291,6.916417;52.290552,6.915559
tertiary;Kleibultweg;52.293931,6.924418;52.293970,6.923894
residential;Postweg;52.292221,6.931798;52.292388,6.931788
residential;Postweg;52.291832,6.930427;52.292099,6.931523;52.292221,6.931798
residential;Hinmanweg;52.289651,6.926850;52.291639,6.927033
tertiary;Kleibultweg;52.294379,6.923279;52.295090,6.920980;52.295210,6.920720;52.297215,6.917325;52.297956,6.916301;52.298253,6.916060;52.298844,6.915932;52.298966,6.915725;52.299055,6.915827;52.299245,6.915885;52.300407,6.915697
residential;Elsmorsweg;52.291423,6.927010;52.292018,6.916707
residential;Postweg;52.289149,6.930327;52.291731,6.930478
tertiary;Kleibultweg;52.293970,6.923894;52.294379,6.923279
secondary;Enschedesestraat;52.298299,6.931157;52.298430,6.931246
secondary;Enschedesestraat;52.292980,6.930245;52.293658,6.930232
secondary;Enschedesestraat;52.298299,6.931157;52.298116,6.931029
primary;Eektestraat;52.292362,6.927110;52.292434,6.926536;52.292589,6.925964;52.292798,6.925500;52.293070,6.925099
primary;Enschedesestraat;52.291951,6.929734;52.291720,6.930000
secondary;Lossersestraat;52.292684,6.930078;52.292257,6.930030;52.292060,6.929805
residential;Hinmanweg;52.291639,6.927033;52.292097,6.927076
primary;Enschedesestraat;52.290746,6.930242;52.291512,6.930282
secondary;Lossersestraat;52.292527,6.932275;52.292379,6.931667;52.292404,6.931377;52.292531,6.931031
secondary;Lossersestraat;52.292060,6.929805;52.291951,6.929734
secondary;Lossersestraat;52.292001,6.929907;52.292253,6.930180;52.292640,6.930217
primary;Eektestraat;52.292219,6.927973;52.292139,6.929214;52.291951,6.929734
primary;Eektestraat;52.292060,6.929805;52.292217,6.929357
secondary;Lossersestraat;52.291951,6.929734;52.292001,6.929907
residential;Nicolaas Beetslaan;52.309068,6.908096;52.310247,6.904495
residential;Zandhorstlaan;52.316171,6.903625;52.316566,6.903977;52.316473,6.904255
residential;van Alphenstraat;52.311524,6.909223;52.311903,6.908071
residential;Hunenborglaan;52.316187,6.906237;52.316458,6.905414
residential;Zandhorstlaan;52.315974,6.902773;52.316305,6.903053
residential;Bolkskamp;52.311488,6.901542;52.311857,6.900404
residential;Vloedbeldlaan;52.315320,6.906477;52.316946,6.907914
residential;Pastoor Geerdinkstraat;52.315547,6.910149;52.315672,6.909757
residential;Frederik van Eedenstraat;52.310153,6.909182;52.311980,6.903582
residential;Zandhorstlaan;52.315793,6.903595;52.316110,6.903868
residential;Pastoor Geerdinkstraat;52.315995,6.911482;52.316359,6.910363;52.316184,6.910204
residential;Hunenveldlaan;52.317146,6.903896;52.317375,6.904098
residential;Hunenbultweg;52.316581,6.902211;52.317614,6.899204
residential;van Alphenstraat;52.310693,6.909664;52.311087,6.908484
residential;Hunenveldlaan;52.317881,6.903740;52.317571,6.903390;52.317375,6.904098;52.317680,6.904357
residential;H.M. Corwinstraat;52.316561,6.909086;52.316872,6.908118
residential;Hunenborglaan;52.316832,6.906778;52.316733,6.906688;52.317000,6.905884
residential;Zandhorstlaan;52.316887,6.903645;52.317067,6.903082;52.316933,6.902965;52.317076,6.902479;52.317014,6.902107
residential;Zandhorstlaan;52.315320,6.906477;52.315869,6.904905;52.316451,6.902418;52.316581,6.902211;52.317249,6.902027;52.317832,6.900356
residential;De Kalder;52.316661,6.899066;52.316679,6.899184;52.316416,6.899868;52.316453,6.900124;52.316513,6.900250;52.317001,6.900714
residential;Hunenborglaan;52.316790,6.905708;52.317054,6.904905;52.316978,6.904842;52.316897,6.905092;52.316972,6.905155
residential;Zandhorstlaan;52.317367,6.901715;52.317753,6.902130
residential;Telgenkamp;52.312735,6.903257;52.312535,6.903083;52.312504,6.903176;52.312270,6.902974;52.312388,6.902612;52.312291,6.902528;52.312291,6.902046
residential;Waterhamskamp;52.313130,6.900582;52.313410,6.900831;52.313303,6.901156;52.313022,6.900907;52.313130,6.900582
residential;Jacob Catsstraat;52.311414,6.907641;52.312262,6.905061
residential;Kruijskamp;52.314036,6.900275;52.313494,6.899808;52.313470,6.899718;52.313666,6.899043;52.313659,6.898876;52.313540,6.898489;52.313683,6.897983
foot;Peterskamplaan;52.313394,6.904586;52.313584,6.903994;52.313559,6.903831
residential;Waterhamskamp;52.313410,6.900831;52.313673,6.899961
cycle;Bornsedijk;52.306525,6.902366;52.306554,6.902585
residential;H.M. Corwinstraat;52.315822,6.908453;52.316561,6.909086
residential;H.M. Corwinstraat;52.316184,6.910204;52.316561,6.909086
residential;Jhr. van Coeverdenstraat;52.315174,6.911307;52.315310,6.910889
residential;Toon Borghuisstraat;52.314701,6.911884;52.316210,6.907267
residential;J.J. van Deinsestraat;52.314450,6.910403;52.315292,6.907827;52.315266,6.907640;52.315010,6.907421
residential;Willem Dingeldeinstraat;52.313595,6.908230;52.314423,6.908947;52.314524,6.908902;52.315320,6.906477
residential;Bolkskamp;52.311857,6.900404;52.312127,6.899574
residential;Bernard van Meursstraat;52.311672,6.904542;52.313488,6.906121;52.312969,6.907689
residential;Peterskamplaan;52.313024,6.903408;52.313559,6.903831;52.313725,6.903432;52.313799,6.903376;52.314907,6.903695;52.314955,6.903786;52.314836,6.905032;52.315577,6.905721
residential;Peterskamplaan;52.314388,6.904589;52.314501,6.903581
residential;Morslaan;52.314311,6.899467;52.315534,6.900468;52.315583,6.900612;52.315187,6.901820;52.314347,6.901667;52.313764,6.901152
residential;J.W.F. van Hartenstraat;52.314248,6.908804;52.313907,6.909908;52.315023,6.910899
residential;Bilderdijkstraat;52.309341,6.907267;52.309891,6.907714;52.310514,6.905898;52.309963,6.905367
residential;Bornsedijk;52.306554,6.902585;52.307478,6.905774
residential;Staringstraat;52.310823,6.907126;52.312442,6.908537
residential;Bolkskamp;52.311857,6.900404;52.312110,6.900624;52.312074,6.900735;52.312239,6.900879
cycle;Hunenveldweg;52.317496,6.906860;52.317704,6.906874
residential;Wijntjeskamp;52.311172,6.901162;52.310963,6.901806;52.311127,6.901948;52.311307,6.901393;52.311488,6.901542
residential;Hunenveldlaan;52.317391,6.903098;52.317606,6.903277;52.317571,6.903390
residential;Nicolaas Beetslaan;52.310557,6.903547;52.311103,6.904042;52.310819,6.904953
residential;Brederostraat;52.310260,6.904456;52.311380,6.905428
residential;Hunenveldlaan;52.317893,6.903704;52.318314,6.904067;52.318393,6.903826;52.318730,6.904180
cycle;Hunenveldweg;52.317704,6.906874;52.318865,6.911179
residential;Hunenborglaan;52.315869,6.904905;52.317036,6.905912;52.317366,6.905975
tertiary;Schipleidelaan;52.308180,6.909024;52.308491,6.907933
tertiary;Schipleidelaan;52.308869,6.906907;52.308606,6.907355;52.308541,6.907564
tertiary;Zandhorstlaan;52.317599,6.899127;52.317832,6.900356;52.318623,6.901042;52.318678,6.901181
residential;Bornsedijk;52.308245,6.907521;52.308338,6.907598
residential;Oude Almeloseweg;52.308461,6.901113;52.308256,6.900750;52.308104,6.900284
residential;Oude Almeloseweg;52.310260,6.902135;52.309188,6.901555
tertiary;Schipleidelaan;52.308869,6.906907;52.310152,6.902963
tertiary;Cato Elderinklaan;52.310617,6.902399;52.310421,6.902196
residential;Doesburgstraat;52.294481,6.906480;52.295189,6.907204
residential;Visschedijkweg;52.292691,6.904378;52.293065,6.904929
residential;Visschedijkweg;52.291009,6.900222;52.291190,6.900640;52.291836,6.902618;52.292055,6.903167;52.292379,6.903855;52.292691,6.904378
tertiary;Schipleidelaan;52.310362,6.902174;52.310152,6.902963
residential;Oude Almeloseweg;52.308419,6.901214;52.309172,6.901684
residential;Bornsedijk;52.305877,6.899850;52.306020,6.900430
residential;Oude Almeloseweg;52.308029,6.901742;52.308260,6.901530;52.308461,6.901113
residential;Oude Almeloseweg;52.308104,6.900284;52.308121,6.900585;52.308266,6.900979;52.308419,6.901214
residential;Oude Almeloseweg;52.306525,6.902366;52.306662,6.902545;52.306954,6.902585;52.308029,6.901742
residential;Doesburgstraat;52.294481,6.906480;52.294564,6.906299;52.295313,6.905368
tertiary;Hunenveldlaan;52.317366,6.905975;52.317400,6.905338;52.317486,6.904970
residential;Hengelosestraat;52.304311,6.905112;52.304522,6.905677;52.305235,6.907048;52.305624,6.907642;52.305815,6.907806;52.306073,6.907768;52.306401,6.907478;52.306728,6.907324;52.307067,6.907467;52.307796,6.908083;52.308012,6.908054;52.308197,6.907672
residential;Visschedijkweg;52.293065,6.904929;52.294035,6.906033
tertiary;Cato Elderinklaan;52.310421,6.902196;52.310362,6.902174
residential;Schipleidelaan;52.310605,6.901580;52.310362,6.902174
tertiary;Saasvelderlaan;52.312747,6.904248;52.315601,6.895519;52.315709,6.895451
tertiary;Dokter de Bruynstraat;52.312910,6.910331;52.315574,6.912644;52.316196,6.912951
tertiary;Thijlaan;52.317232,6.908163;52.317461,6.907560;52.317513,6.907123;52.317496,6.906860
tertiary;Thijlaan;52.317366,6.905975;52.317496,6.906860
tertiary;Thijsniederweg;52.317486,6.904970;52.318458,6.905516;52.319226,6.906143;52.319725,6.906251
primary;Ossenmaatstraat;52.307224,6.912034;52.307387,6.911506
primary;Provinciale Rondweg;52.306558,6.909460;52.305766,6.908337
primary;Schipleidelaan;52.308074,6.908864;52.308044,6.908961
primary;Provinciale Rondweg;52.302625,6.900834;52.301806,6.898653;52.301284,6.897607
primary;Schipleidelaan;52.308044,6.908961;52.307571,6.910385
primary;Provinciale Rondweg;52.307773,6.910786;52.307386,6.910398
primary;Schipleidelaan;52.307519,6.911088;52.307551,6.910870
residential;Deventerstraat;52.294165,6.901315;52.293820,6.903018;52.293854,6.903294;52.296519,6.907095
residential;Zwollestraat;52.296519,6.907095;52.297287,6.906007;52.297337,6.905811;52.297289,6.905621;52.294408,6.901468;52.294165,6.901315
residential;Kampenstraat;52.296310,6.904210;52.297164,6.903120;52.297227,6.902973;52.297211,6.902832;52.294788,6.898929;52.294654,6.898906;52.294562,6.899095;52.294165,6.901315
tertiary;Hazewinkelweg;52.298007,6.906965;52.296633,6.909039;52.294238,6.911936;52.292736,6.913566;52.292636,6.913953;52.292464,6.916743
residential;Zutphenstraat;52.292736,6.913566;52.292549,6.913135;52.291627,6.912461;52.291560,6.912267;52.292470,6.908836;52.292814,6.908585;52.293047,6.907766;52.293157,6.907652;52.294648,6.908720;52.294893,6.909313
residential;Zutphenstraat;52.292078,6.912770;52.292247,6.912384;52.295823,6.908220;52.295881,6.908078
residential;Lübeckstraat;52.298007,6.906965;52.299298,6.909290;52.299324,6.909521;52.296612,6.915690
residential;Bremenstraat;52.294619,6.912878;52.297267,6.909827
residential;Vriendschapsmeerweg;52.299804,6.913051;52.300316,6.912171;52.300291,6.911392
residential;Münsterstraat;52.295561,6.910335;52.296518,6.912459;52.298652,6.915014;52.298966,6.915725
residential;Vriendschapsmeerweg;52.298652,6.915014;52.299804,6.913051
residential;Hamburgstraat;52.298506,6.911412;52.299804,6.913051
tertiary;Hazewinkelweg;52.301297,6.902499;52.299307,6.905024;52.298007,6.906965
tertiary;Griekenlandlaan;52.317537,6.913035;52.317051,6.913881
cycle;Thijlaan;52.316861,6.913189;52.316978,6.913232
residential;Thijlaan;52.316978,6.913232;52.317169,6.913330;52.317398,6.913612
foot;De Driehoek;52.313964,6.927944;52.313892,6.928518
primary;Eektestraat;52.306058,6.918396;52.305738,6.919361;52.305294,6.920166;52.304538,6.921174;52.303884,6.921678
cycle;Provinciale Rondweg;52.313723,6.914886;52.312539,6.913838;52.312374,6.913222;52.312225,6.913001
cycle;Provinciale Rondweg;52.316225,6.917488;52.316128,6.917326;52.315782,6.917108;52.315015,6.916212;52.313993,6.915255;52.313876,6.915011;52.313723,6.914886
primary;Eektestraat;52.303884,6.921678;52.301617,6.923143;52.300735,6.923407;52.298684,6.923631
primary;Eektestraat;52.304148,6.921659;52.304712,6.921118;52.305320,6.920287;52.305728,6.919611
residential;Telgenkamp;52.311913,6.901914;52.312117,6.902084;52.312483,6.902030;52.313249,6.902701
tertiary;Griekenlandlaan;52.316118,6.917654;52.316332,6.917315
tertiary;Griekenlandlaan;52.315941,6.917929;52.316118,6.917654
primary;Eektestraat;52.298091,6.923946;52.300744,6.923556;52.301360,6.923406;52.302199,6.922967;52.304148,6.921659
pedestrian;De Driehoek;52.313146,6.928172;52.313272,6.928092
residential;Hengelosestraat;52.303080,6.901752;52.303832,6.903836
primary;Provinciale Rondweg;52.305766,6.908337;52.305270,6.907520;52.304434,6.905872;52.303266,6.902654
tertiary;Vondellaan;52.309036,6.908214;52.312488,6.911216;52.312589,6.911202
secondary;Spoorstraat;52.307248,6.929108;52.307601,6.928636
tertiary;Prins Bernhardstraat;52.307653,6.932090;52.307210,6.932652
tertiary;Cato Elderinklaan;52.312747,6.904248;52.314418,6.905689
tertiary;Johanna van Burenlaan;52.312589,6.911202;52.312657,6.911125;52.313595,6.908230
secondary;Beatrixstraat;52.309964,6.931085;52.310334,6.931596;52.310477,6.932311
cycle;Hazewinkelweg;52.299262,6.904960;52.297954,6.906871
cycle;Hazewinkelweg;52.297954,6.906871;52.297331,6.907814;52.297089,6.908041
cycle;Hazewinkelweg;52.297089,6.908041;52.297010,6.908287;52.296575,6.908953
cycle;Hazewinkelweg;52.296575,6.908953;52.296244,6.909417;52.294192,6.911807;52.294238,6.911936
cycle;Hengelosestraat;52.308022,6.916407;52.308939,6.918611;52.309066,6.918763
cycle;Graveneslaan;52.313723,6.914886;52.314015,6.913922;52.314265,6.913732;52.314342,6.913535
residential;Grondmanstraat;52.305854,6.918117;52.305761,6.918360;52.305589,6.919212;52.305343,6.919818;52.304677,6.920764;52.304501,6.920976;52.304424,6.920962;52.304120,6.919951;52.304092,6.919666;52.304183,6.918892;52.304538,6.917953;52.304748,6.916314
residential;Schipleidelaan;52.310605,6.901580;52.310884,6.900565;52.311072,6.899498;52.311663,6.894490;52.311763,6.894251;52.311989,6.894090;52.312763,6.894116;52.313125,6.894026
cycle;Eektestraat;52.292429,6.927061;52.292524,6.926423;52.292742,6.925758;52.293195,6.925080;52.293547,6.924846;52.294211,6.924631;52.294928,6.924509;52.297841,6.924100;52.298159,6.924129;52.298272,6.924042;52.298727,6.923976;52.299331,6.923905;52.299469,6.923944;52.299736,6.923844;52.301070,6.923615;52.301261,6.923676;52.301504,6.923587;52.301628,6.923424;52.302890,6.922642
foot;Zuidwal;52.311913,6.932352;52.312129,6.932506;52.312430,6.932559
cycle;Hengelosestraat;52.302105,6.900116;52.301709,6.899083
residential;Ledeboerweg;52.289130,6.904356;52.291009,6.900222
residential;Bornsedijk;52.308338,6.907598;52.308405,6.907657
residential;Bisschop Balderikstraat;52.304222,6.931696;52.304464,6.933101;52.304863,6.934359
residential;Bisschopstraat;52.315391,6.930412;52.314918,6.930284;52.314711,6.930157
primary;Provinciale Rondweg;52.307362,6.910466;52.307749,6.910858
primary;Provinciale Rondweg;52.314348,6.915758;52.313257,6.914793
primary;Provinciale Rondweg;52.309742,6.912439;52.312125,6.914115
primary;Provinciale Rondweg;52.304772,6.906785;52.305900,6.908668;52.306740,6.909780;52.307362,6.910466
primary;Provinciale Rondweg;52.307749,6.910858;52.308432,6.911460;52.309742,6.912439
residential;Hyacinthstraat;52.311722,6.921480;52.311582,6.920649;52.311483,6.919579;52.311417,6.918784;52.311406,6.917837
residential;Hyacinthstraat;52.311722,6.921480;52.311852,6.921985
primary;Provinciale Rondweg;52.316088,6.917886;52.316737,6.919059;52.317650,6.921130
tertiary;Schipleidelaan;52.308415,6.907859;52.308074,6.908864
tertiary;Hazewinkelweg;52.301889,6.901789;52.302538,6.900997
tertiary;Hazewinkelweg;52.302496,6.900881;52.301895,6.901586;52.301606,6.902110
cycle;Griekenlandlaan;52.316216,6.917759;52.316395,6.917491;52.316483,6.917257;52.316558,6.916489;52.316654,6.916357;52.316745,6.916376
cycle;Umbrialaan;52.317696,6.920693;52.317851,6.920515
residential;Kretalaan;52.318515,6.913050;52.318721,6.912968;52.318827,6.912999;52.319310,6.913644;52.318895,6.915407;52.317926,6.917371;52.316650,6.917610;52.316451,6.917494
cycle;Spoorstraat;52.306093,6.930586;52.306795,6.930053;52.307206,6.929487;52.307248,6.929108
cycle;Spoorstraat;52.305892,6.930748;52.306093,6.930586
residential;Oude Postweg;52.290081,6.898168;52.291009,6.900222
foot;De Kalder;52.317001,6.900714;52.317057,6.900766
residential;Zandhorstweg;52.316543,6.902251;52.316247,6.900361
cycle;Zandhorstweg;52.316247,6.900361;52.316018,6.898926
residential;Zandhorstlaan;52.317711,6.900702;52.317562,6.900571;52.317670,6.900238
tertiary;Cato Elderinklaan;52.310333,6.902263;52.310391,6.902292
tertiary;Cato Elderinklaan;52.310658,6.902425;52.312636,6.904153
tertiary;Cato Elderinklaan;52.310391,6.902292;52.310617,6.902399
residential;Oude Almeloseweg;52.309866,6.902038;52.310333,6.902263
residential;Schipleidelaan;52.311298,6.896556;52.310939,6.899588;52.310589,6.901026
tertiary;Cato Elderinklaan;52.312636,6.904153;52.312747,6.904248
residential;Guido Gezellestraat;52.311771,6.910594;52.312749,6.907628;52.312877,6.907612;52.313595,6.908230
tertiary;Johanna van Burenlaan;52.313595,6.908230;52.314418,6.905689
residential;Hyacinthstraat;52.311852,6.921985;52.311965,6.922427;52.312171,6.923845
residential;Hyacinthstraat;52.311483,6.919579;52.311818,6.919450;52.312087,6.919455
tertiary;Ootmarsumsestraat;52.316833,6.930682;52.317503,6.931143;52.317669,6.931182;52.318475,6.930812;52.318886,6.930743
tertiary;Tulpstraat;52.315639,6.929892;52.315675,6.930440
residential;Ellen van Langenstraat;52.309202,6.916090;52.309406,6.917256;52.309441,6.917282;52.309697,6.917113;52.310020,6.917044;52.310012,6.915951
residential;Ellen van Langenstraat;52.310019,6.916909;52.309348,6.916926
residential;Hengelosestraat;52.306128,6.911155;52.306293,6.911492;52.306742,6.912716;52.306761,6.912876;52.306221,6.917069;52.305987,6.918059
residential;Bornsedijk;52.306071,6.900636;52.306525,6.902366
residential;Retentieweg;52.299973,6.898299;52.299877,6.898321;52.299112,6.899244;52.298169,6.900238;52.298054,6.900146;52.297601,6.898834
cycle;Wielerbaan OWC;52.300805,6.894661;52.300940,6.895066;52.301300,6.895762;52.301405,6.896157;52.301466,6.896716;52.301572,6.897064;52.302758,6.899900;52.303143,6.900968;52.303262,6.901711;52.303538,6.902417;52.303757,6.902536;52.304607,6.902375;52.304692,6.902082;52.304673,6.901735;52.303709,6.899038;52.303470,6.898570;52.303484,6.898235;52.303603,6.897807;52.304348,6.896818;52.304388,6.896623;52.304340,6.896046;52.303215,6.891705;52.302456,6.890631;52.302199,6.890537;52.301804,6.890636;52.301654,6.890569;52.301553,6.890280;52.301460,6.889746;52.301372,6.889654;52.301290,6.889705;52.300852,6.890501;52.300079,6.892339;52.300087,6.892474;52.300309,6.892896;52.300652,6.894402;52.300805,6.894661
primary;Ossenmaatstraat;52.307194,6.912168;52.307224,6.912034
tertiary;Berkstraat;52.306694,6.919204;52.308701,6.924339;52.308760,6.925019;52.308781,6.926447;52.308687,6.927310
tertiary;Berkstraat;52.306609,6.919015;52.306694,6.919204
residential;Hanenmorsweg;52.302878,6.902178;52.300935,6.904609
tertiary;Hazewinkelweg;52.301297,6.902499;52.301606,6.902110
residential;Hengelosestraat;52.305987,6.918059;52.305954,6.918193
track;Jufferbeekweg;52.301772,6.909709;52.301272,6.910591
residential;Jufferbeekweg;52.304155,6.905693;52.301772,6.909709
residential;Visschedijkweg;52.302276,6.915233;52.302384,6.915263
residential;Visschedijkweg;52.305898,6.918188;52.305933,6.918271
cycle;Spoorstraat;52.306733,6.929723;52.306043,6.930402
cycle;Spoorstraat;52.305865,6.930546;52.305240,6.930921;52.304337,6.931242
secondary;Enschedesestraat;52.297497,6.930994;52.297788,6.931084
primary;Enschedesestraat;52.291517,6.930103;52.290214,6.930017
secondary;Enschedesestraat;52.298109,6.931114;52.298299,6.931157
secondary;Enschedesestraat;52.293376,6.930126;52.292825,6.930087
secondary;Enschedesestraat;52.297794,6.930946;52.297501,6.930925
secondary;Enschedesestraat;52.293918,6.930222;52.294924,6.930359;52.297297,6.930978;52.297431,6.930965
secondary;Lossersestraat;52.292640,6.930217;52.292625,6.930628
cycle;Enschedesestraat;52.297723,6.930782;52.297537,6.930849;52.297046,6.930801;52.295001,6.930268;52.292894,6.929990;52.292249,6.929753
residential;Huurnestraat;52.314331,6.921316;52.315548,6.921008;52.316553,6.921214;52.316896,6.920904
foot;De Driehoek;52.313272,6.928092;52.313903,6.927785
foot;De Driehoek;52.313892,6.928518;52.313888,6.928568
foot;De Driehoek;52.314070,6.927811;52.314037,6.927605;52.313968,6.927546;52.313921,6.927583;52.313899,6.927754;52.313943,6.927915;52.314028,6.927949;52.314070,6.927811
pedestrian;In den Vijfhoek;52.312101,6.927137;52.312118,6.927132
pedestrian;In den Vijfhoek;52.313035,6.927811;52.313084,6.928010
residential;Visschedijkweg;52.294035,6.906033;52.294481,6.906480
foot;Morslaan;52.315773,6.901606;52.315931,6.901123;52.315598,6.900834
residential;De Walgaarden;52.313900,6.925267;52.314186,6.924757
cycle;De Groene Loper;52.307359,6.932979;52.308002,6.932162
residential;Plataan;52.308750,6.921036;52.308978,6.920753;52.309093,6.920890;52.309114,6.920666;52.308978,6.920753
residential;Eekboerplein;52.299803,6.926615;52.300379,6.926034;52.300435,6.925885;52.300433,6.925714
residential;Hoogelucht;52.311913,6.932352;52.311999,6.932056;52.312421,6.932183
foot;Schoolstraat;52.310578,6.931362;52.310864,6.931179
residential;Herman Bodestraat;52.317517,6.928483;52.316736,6.929126
residential;Monnikstraat;52.313799,6.930441;52.313597,6.930168
foot;Ketwichstraat;52.310678,6.928784;52.310682,6.928246
residential;Oostwal;52.314234,6.932157;52.314468,6.931535;52.314420,6.931079;52.314464,6.930828
residential;Edisonstraat;52.299482,6.923062;52.299513,6.923575
tertiary;Eekboerstraat;52.299546,6.924269;52.299610,6.925556;52.299690,6.926250;52.300575,6.928740;52.301256,6.931041
residential;Beukplein;52.307941,6.925096;52.308146,6.925524;52.308291,6.925434;52.308345,6.925648;52.308214,6.925739;52.308092,6.925947;52.308061,6.925729;52.308146,6.925524
residential;Beukplein;52.307709,6.926451;52.307898,6.925965;52.308029,6.925867
residential;Beukplein;52.308138,6.926320;52.308088,6.926218;52.308092,6.925947
residential;Lariksstraat;52.307393,6.922312;52.306783,6.923174
residential;Lariksstraat;52.306581,6.920680;52.307393,6.922312;52.307731,6.921890
residential;Beukplein;52.308088,6.926218;52.307919,6.926074
residential;Langestraat;52.312423,6.925976;52.312399,6.925120
residential;Hengelosestraat;52.302604,6.901958;52.302794,6.902058;52.302878,6.902178;52.305027,6.908114;52.305260,6.908869;52.305507,6.909917;52.305729,6.910476;52.306128,6.911155
residential;Hengelosestraat;52.302444,6.901116;52.302399,6.900976
residential;Hengelosestraat;52.302399,6.900976;52.302157,6.900248
residential;Hengelosestraat;52.302604,6.901958;52.302633,6.901684;52.302444,6.901116
residential;Hengelosestraat;52.302163,6.901431;52.302347,6.901806;52.302604,6.901958
foot;Oostwal;52.312430,6.932559;52.312657,6.932673;52.313200,6.932466
foot;Prins Bernhardstraat;52.307883,6.932449;52.307877,6.932534
residential;Watertorenstraat;52.308203,6.932048;52.308842,6.931520;52.309236,6.930777
foot;Beatrixstraat;52.310067,6.931048;52.310044,6.931048
foot;Beatrixstraat;52.310365,6.931410;52.310337,6.931288
foot;Beatrixstraat;52.310044,6.931048;52.309964,6.931085
foot;Beatrixstraat;52.310567,6.931313;52.310370,6.931432
foot;Beatrixstraat;52.310532,6.932132;52.310365,6.931410
foot;Beatrixstraat;52.310256,6.931017;52.310174,6.931047
foot;Beatrixstraat;52.310337,6.931288;52.310475,6.931251;52.310442,6.931085;52.310313,6.931084;52.310313,6.931186
foot;Beatrixstraat;52.310313,6.931186;52.310337,6.931288
foot;Beatrixstraat;52.310466,6.931207;52.310541,6.931203;52.310578,6.931362
foot;Prins Hendrikstraat;52.310174,6.930429;52.310150,6.930383;52.309430,6.930427
foot;Prins Hendrikstraat;52.310150,6.930383;52.310153,6.929157;52.310194,6.929156;52.310194,6.929066;52.310297,6.929065
foot;Prins Hendrikstraat;52.310197,6.930420;52.310253,6.930444;52.310256,6.931017;52.310313,6.931017;52.310313,6.931084
residential;Schoolstraat;52.311561,6.930350;52.311757,6.930097
residential;Schoolstraat;52.310864,6.931179;52.310994,6.931021
residential;Wilhelminastraat;52.310679,6.930372;52.310591,6.930368
residential;Gasthuisstraat;52.311757,6.930097;52.311636,6.929903
residential;Pastoriestraat;52.310591,6.930368;52.310592,6.929927;52.310641,6.929772
foot;Pastoriestraat;52.310601,6.929539;52.310491,6.929493
foot;Pastoriestraat;52.310491,6.929493;52.310490,6.929124;52.310555,6.929125;52.310555,6.928750
foot;Prins Hendrikstraat;52.310153,6.929396;52.310135,6.929243
cycle;Spoorstraat;52.306043,6.930402;52.305865,6.930546
primary;Enschedesestraat;52.291743,6.930182;52.292001,6.929907
secondary;Lossersestraat;52.292531,6.931031;52.292694,6.930645
secondary;Lossersestraat;52.292946,6.933427;52.292878,6.932975;52.292611,6.932416
primary;Provinciale Rondweg;52.307386,6.910398;52.306558,6.909460
primary;Provinciale Rondweg;52.313589,6.915168;52.314348,6.915758
primary;Provinciale Rondweg;52.312125,6.914115;52.313589,6.915168
residential;B.A.A. Engelbertinklaan;52.317870,6.921308;52.317933,6.921237
residential;Marktstraat;52.312893,6.930480;52.312768,6.930686;52.312660,6.931008
residential;Zutphenstraat;52.295881,6.908078;52.295938,6.907882;52.296519,6.907095
residential;Deventerstraat;52.296519,6.907095;52.297089,6.908041
residential;Deventerstraat;52.297089,6.908041;52.297196,6.908207
cycle;Hazewinkelweg;52.299550,6.904559;52.299262,6.904960
residential;Johanna van Burenlaan;52.314418,6.905689;52.315320,6.906477
residential;Leliestraat;52.315634,6.918323;52.315737,6.918195
residential;De Wever;52.304303,6.932286;52.305581,6.931705;52.305621,6.931758;52.305677,6.932587
pedestrian;Kocksteegje;52.313529,6.928465;52.313473,6.928856
cycle;Kleibultweg;52.294073,6.924702;52.294082,6.924110;52.294223,6.923751;52.294390,6.923488;52.294441,6.923106
cycle;Kleibultweg;52.294272,6.923481;52.294224,6.923379
residential;Kleibultweg;52.293883,6.925043;52.293905,6.924961
cycle;Kleibultweg;52.294379,6.923279;52.294237,6.923360;52.293832,6.923951;52.293737,6.924389;52.293737,6.924801;52.293861,6.924953
residential;Kleibultweg;52.293861,6.924953;52.293883,6.925043
residential;Kleibultweg;52.293905,6.924961;52.293925,6.924569
residential;Kleibultweg;52.293861,6.924577;52.293861,6.924953
cycle;Kleibultweg;52.293905,6.924961;52.294023,6.924725
tertiary;Kleibultweg;52.293970,6.923894;52.293890,6.924033;52.293862,6.924428
residential;Schelmaatstraat;52.298050,6.923723;52.298024,6.923954
residential;Schelmaatstraat;52.298024,6.923954;52.298046,6.924465
residential;Schelmaatstraat;52.298085,6.924337;52.298091,6.923946
residential;Schelmaatstraat;52.298046,6.924465;52.298061,6.924597
residential;Schelmaatstraat;52.298061,6.924597;52.298085,6.924337
cycle;Schelmaatstraat;52.298085,6.924337;52.298159,6.924129
cycle;Schelmaatstraat;52.297916,6.924120;52.298046,6.924465
cycle;Enschedesestraat;52.291514,6.929887;52.291258,6.929889
residential;Postweg;52.291731,6.930478;52.291832,6.930427
residential;Doesburgstraat;52.295189,6.907204;52.295881,6.908078
cycle;Enschedesestraat;52.292249,6.929753;52.292309,6.929580
residential;Hinmanweg;52.292097,6.927076;52.292362,6.927110
residential;Hinmanweg;52.292279,6.916762;52.292464,6.916743
residential;Hinmanweg;52.290552,6.915559;52.290722,6.915561;52.292018,6.916707
residential;Hengelosestraat;52.302016,6.901133;52.302097,6.901332
cycle;Bornsedijk;52.306662,6.902545;52.306554,6.902585
cycle;Vondellaan;52.308638,6.908125;52.308755,6.908105;52.308985,6.908278;52.309036,6.908214
residential;Asterstraat;52.314562,6.924419;52.315935,6.924118;52.316623,6.924061
residential;Nagelstraat;52.314079,6.926168;52.314052,6.926395
tertiary;Berkstraat;52.306609,6.919015;52.306451,6.918655;52.306209,6.918384
residential;Hengelosestraat;52.305954,6.918193;52.305933,6.918271
cycle;Prins Bernhardstraat;52.306887,6.929539;52.306997,6.929788
tertiary;Prins Bernhardstraat;52.307021,6.929599;52.307291,6.930221
cycle;Prins Bernhardstraat;52.307240,6.929972;52.307200,6.929641;52.307032,6.929333
cycle;Spoorstraat;52.307248,6.929108;52.306733,6.929723
residential;Visschedijkweg;52.306091,6.918284;52.305954,6.918193
residential;Visschedijkweg;52.305954,6.918193;52.305898,6.918188
primary;Enschedesestraat;52.289142,6.930121;52.290746,6.930242
residential;Visschedijkweg;52.302945,6.915423;52.303963,6.915714;52.304748,6.916314
residential;Kleibultweg;52.301222,6.915094;52.301662,6.915519;52.301695,6.915801
residential;Mariastraat;52.300823,6.933013;52.300585,6.931360
tertiary;Burgemeester Wallerstraat;52.301562,6.934348;52.301842,6.934022;52.302621,6.932872;52.303019,6.932412
tertiary;Burgemeester Wallerstraat;52.303224,6.932235;52.303835,6.931722
primary;Ossenmaatstraat;52.306091,6.918284;52.306058,6.918396
primary;Ossenmaatstraat;52.306435,6.916536;52.306297,6.917485
primary;Ossenmaatstraat;52.306728,6.914193;52.306435,6.916536
primary;Ossenmaatstraat;52.306696,6.915489;52.306853,6.914237
residential;Waterwinweg;52.300391,6.899152;52.300784,6.899983;52.300783,6.900210;52.299753,6.901561;52.299705,6.901780;52.299762,6.902200;52.300412,6.903613
secondary;Spoorstraat;52.307601,6.928636;52.307388,6.928846;52.307248,6.929108
residential;Lyceumstraat;52.307388,6.928846;52.307418,6.928911
residential;Prins Bernhardstraat;52.307297,6.929832;52.307322,6.930013
residential;Prins Bernhardstraat;52.307213,6.929889;52.307297,6.929832;52.307251,6.929500
secondary;Spoorstraat;52.307063,6.929540;52.307248,6.929108
secondary;Spoorstraat;52.307021,6.929599;52.307063,6.929540
tertiary;Prins Bernhardstraat;52.307240,6.929972;52.307009,6.929497
tertiary;Prins Bernhardstraat;52.307009,6.929497;52.307021,6.929599
secondary;Spoorstraat;52.306407,6.930176;52.307021,6.929599
secondary;Spoorstraat;52.306407,6.930176;52.306090,6.930480
cycle;Prins Bernhardstraat;52.307021,6.929751;52.307291,6.930221
tertiary;Prins Bernhardstraat;52.307291,6.930221;52.307357,6.930481
primary;Provinciale Rondweg;52.302496,6.900881;52.304039,6.905083
primary;Provinciale Rondweg;52.301846,6.898991;52.302496,6.900881
primary;Provinciale Rondweg;52.304039,6.905083;52.304772,6.906785
tertiary;Graveneslaan;52.313781,6.914934;52.313734,6.915022;52.313653,6.915029;52.313257,6.914793
tertiary;Graveneslaan;52.313865,6.915292;52.313828,6.915133;52.313846,6.914986
secondary;Enschedesestraat;52.292718,6.930223;52.292980,6.930245
primary;Schipleidelaan;52.307571,6.910385;52.307461,6.910714
primary;Schipleidelaan;52.307461,6.910714;52.307375,6.910948
primary;Schipleidelaan;52.307672,6.910561;52.307825,6.910099
primary;Schipleidelaan;52.307551,6.910870;52.307672,6.910561
primary;Provinciale Rondweg;52.317841,6.921603;52.318202,6.922543
primary;Provinciale Rondweg;52.317650,6.921130;52.317841,6.921603
primary;Provinciale Rondweg;52.315985,6.917728;52.316088,6.917886
primary;Provinciale Rondweg;52.314348,6.915758;52.315253,6.916720;52.315985,6.917728
residential;De Rozengaarden;52.309506,6.928514;52.309496,6.928283;52.309436,6.928247;52.309415,6.927772
residential;De Rozengaarden;52.309117,6.928614;52.309617,6.928512;52.310033,6.928610
residential;Steenstraat;52.310682,6.928246;52.310736,6.927576
pedestrian;Schoolstraat;52.310994,6.931021;52.311561,6.930350
residential;Meester Troelstrastraat;52.317511,6.922278;52.318076,6.923715;52.318081,6.923832
residential;Badhuisstraat;52.310403,6.926743;52.310235,6.926744;52.310190,6.927347
cycle;Jacob van Deventerpad;52.313507,6.930742;52.313478,6.930871;52.313548,6.931276
pedestrian;Groote Markt;52.313806,6.929525;52.313869,6.929023;52.313300,6.928788;52.313366,6.929153;52.313328,6.929496;52.313567,6.929411;52.313806,6.929525
foot;De Driehoek;52.313561,6.927320;52.313921,6.927583
pedestrian;Groote Markt;52.313806,6.929525;52.313736,6.929349;52.313366,6.929153
pedestrian;Marktsteegje;52.313846,6.928998;52.314121,6.928979
tertiary;Schipleidelaan;52.310152,6.902963;52.310421,6.902196
residential;Zandsteenweg;52.291009,6.900222;52.293582,6.894512;52.292621,6.889891
foot;Peterskamplaan;52.314934,6.905155;52.314897,6.905277;52.314620,6.905198;52.314720,6.904270;52.314897,6.904324
primary;Enschedesestraat;52.290214,6.930017;52.289218,6.929941
residential;Wijntjeskamp;52.311144,6.901897;52.311322,6.902051;52.311341,6.901994;52.311596,6.902262
foot;Morslaan;52.315295,6.901762;52.315625,6.902047
foot;Morslaan;52.315288,6.902310;52.315096,6.902900
foot;Morslaan;52.315157,6.902194;52.315118,6.902312;52.314425,6.901684
foot;Morslaan;52.314706,6.901945;52.314507,6.902535
foot;Peterskamplaan;52.314757,6.903026;52.314690,6.903635
foot;Morslaan;52.314740,6.901192;52.314282,6.900791;52.314447,6.900288
foot;Morslaan;52.315385,6.900341;52.315578,6.899734
residential;Zandhorstlaan;52.317394,6.901636;52.317144,6.901416
residential;Zandhorstlaan;52.317076,6.902479;52.316822,6.902270
residential;Zandhorstlaan;52.317606,6.902000;52.317794,6.901418
tertiary;Burgemeester Wallerstraat;52.303835,6.931722;52.304074,6.931510
secondary;Beatrixstraat;52.309430,6.930427;52.309659,6.930711
residential;Textielstraat;52.301843,6.926336;52.301885,6.926597;52.301832,6.926969
residential;Pastoriestraat;52.310028,6.928660;52.310088,6.928671
foot;Pastoor Geerdinkstraat;52.315547,6.910149;52.315310,6.910889
foot;Jhr. van Coeverdenstraat;52.314954,6.911981;52.315174,6.911307
residential;Jhr. van Coeverdenstraat;52.315995,6.911482;52.315764,6.912203
residential;Pastoor Geerdinkstraat;52.316184,6.910204;52.315456,6.909573
residential;Vloedbeldlaan;52.316946,6.907914;52.317232,6.908163
residential;Meijbreestraat;52.317752,6.932269;52.317807,6.933031;52.317891,6.933540;52.318150,6.934322;52.318255,6.934384;52.319297,6.934185
foot;Op den Koem;52.310794,6.927591;52.310951,6.926906;52.311279,6.925989
residential;Watertorenstraat;52.308002,6.932162;52.308203,6.932048
residential;Watertorenstraat;52.307826,6.932173;52.308002,6.932162
residential;Lyceumstraat;52.307218,6.928544;52.307388,6.928846
residential;Lyceumstraat;52.304519,6.921631;52.304763,6.923297
cycle;Hengelosestraat;52.309066,6.918763;52.309041,6.918566;52.308811,6.917988;52.308545,6.917362;52.308458,6.917289
pedestrian;Grootestraat;52.312070,6.927819;52.312125,6.927781
foot;Oostwal;52.314491,6.931619;52.314854,6.930255
residential;Badhuisstraat;52.310431,6.926654;52.310344,6.926925;52.310223,6.926905
residential;Ganzenmarkt;52.312294,6.929307;52.312204,6.929429
foot;Sint Plechelmusplein;52.312204,6.929429;52.311914,6.928727
pedestrian;Boterstraat;52.313888,6.928568;52.314129,6.928593
pedestrian;Bisschopstraat;52.314109,6.929762;52.314053,6.929720
foot;Poortstraat;52.313359,6.932061;52.313804,6.931926
foot;Beatrixstraat;52.310558,6.932273;52.310532,6.932132
foot;Beatrixstraat;52.310337,6.931288;52.310248,6.931430
foot;Beatrixstraat;52.310174,6.931047;52.310067,6.931048
secondary;Beatrixstraat;52.309659,6.930711;52.309964,6.931085
residential;Wilhelminastraat;52.310477,6.932311;52.310558,6.932273
foot;Beatrixstraat;52.310174,6.931047;52.310313,6.931186
residential;Wilhelminastraat;52.310558,6.932273;52.310818,6.932127
residential;Gasthuisstraat;52.311400,6.928905;52.311374,6.928784
residential;Oostwal;52.314464,6.930828;52.314577,6.930262;52.314685,6.930138
residential;Oostwal;52.313366,6.932153;52.313385,6.932440;52.313200,6.932466
cycle;Enschedesestraat;52.291832,6.930427;52.291967,6.930350
residential;Hengelosestraat;52.304311,6.905112;52.304415,6.904328
residential;Hengelosestraat;52.303832,6.903836;52.304311,6.905112
residential;Oude Almeloseweg;52.309188,6.901555;52.308461,6.901113
residential;Oude Almeloseweg;52.309172,6.901684;52.309866,6.902038
residential;Oude Almeloseweg;52.309188,6.901555;52.309172,6.901684
residential;Schelmaatstraat;52.297916,6.930508;52.297874,6.930842
residential;Schelmaatstraat;52.297964,6.930861;52.297962,6.930517
residential;J.H. Nieuwenhuisstraat;52.297894,6.931449;52.297903,6.931372
residential;J.H. Nieuwenhuisstraat;52.297854,6.931364;52.297856,6.931443
residential;J.H. Nieuwenhuisstraat;52.297903,6.931372;52.297926,6.931227
residential;J.H. Nieuwenhuisstraat;52.297855,6.931217;52.297854,6.931364
secondary;Enschedesestraat;52.298014,6.931122;52.298109,6.931114
secondary;Enschedesestraat;52.298116,6.931029;52.298023,6.930994
residential;Bornsedijk;52.306020,6.900430;52.306071,6.900636
secondary;Enschedesestraat;52.298430,6.931246;52.299523,6.931473;52.299948,6.931478;52.300585,6.931360
cycle;Enschedesestraat;52.298069,6.931238;52.298339,6.931303;52.298430,6.931246
cycle;Enschedesestraat;52.299256,6.931433;52.299127,6.931301;52.298665,6.931203
cycle;Enschedesestraat;52.298665,6.931203;52.298123,6.930958
residential;Sint Plechelmusplein;52.312070,6.927819;52.312118,6.928189;52.312072,6.928573
residential;Gasthuisstraat;52.311800,6.930105;52.311757,6.930097
residential;Wilhelminastraat;52.310818,6.932127;52.311307,6.931801
residential;Lindestraat;52.309655,6.923485;52.309588,6.922916;52.309288,6.922197
residential;Lyceumstraat;52.304763,6.923297;52.304879,6.923709;52.305700,6.925771
residential;Titus Brandsmastraat;52.304763,6.923297;52.306543,6.920723
residential;Inslagstraat;52.304519,6.921631;52.305891,6.919784
cycle;Hazewinkelweg;52.302016,6.901133;52.301850,6.901500;52.301426,6.902164;52.300580,6.903227;52.300419,6.903274;52.300317,6.903391;52.300148,6.903749;52.299634,6.904436
residential;Textielstraat;52.301335,6.923240;52.301400,6.923630
tertiary;Kelvinstraat;52.302544,6.921851;52.302735,6.922611
residential;Op den Koem;52.311261,6.925921;52.311057,6.925912
tertiary;Griekenlandlaan;52.317823,6.912437;52.318067,6.912001
tertiary;Griekenlandlaan;52.318067,6.912001;52.317944,6.912127;52.317823,6.912437
tertiary;Griekenlandlaan;52.317051,6.913881;52.317287,6.913621;52.317537,6.913035
tertiary;Griekenlandlaan;52.317051,6.913881;52.316587,6.915241;52.316451,6.916892;52.316332,6.917315
tertiary;Griekenlandlaan;52.317537,6.913035;52.317823,6.912437
tertiary;Cato Elderinklaan;52.310617,6.902399;52.310658,6.902425
residential;Oude Almeloseweg;52.310362,6.902174;52.310260,6.902135
residential;Schipleidelaan;52.310421,6.902196;52.310605,6.901580
foot;De Walgaarden;52.313419,6.924799;52.313482,6.924765;52.313584,6.924832;52.313617,6.924961
residential;W.G.A.J. Röringstraat;52.315010,6.912655;52.314787,6.912459
residential;Meester G.J. ter Kuilestraat;52.314328,6.912061;52.314108,6.911870
residential;Kloosterstraat;52.314426,6.927441;52.314336,6.927547
pedestrian;Schoolstraat;52.311080,6.930669;52.311239,6.931025
foot;Pastoriestraat;52.310641,6.929772;52.310601,6.929539
residential;Monnikstraat;52.313904,6.930757;52.313845,6.930505
pedestrian;Groote Markt;52.313473,6.928856;52.313300,6.928788
pedestrian;Groote Markt;52.313736,6.929349;52.313846,6.928998
residential;De Walgaarden;52.312897,6.923920;52.312889,6.924446
residential;Wijntjeskamp;52.311488,6.901542;52.311913,6.901914
primary;Provinciale Rondweg;52.303266,6.902654;52.302625,6.900834
residential;De Rozengaarden;52.309436,6.928247;52.309382,6.928272;52.309387,6.928530
tertiary;Hazewinkelweg;52.301606,6.902110;52.301889,6.901789
tertiary;Hazewinkelweg;52.302538,6.900997;52.302625,6.900834
primary;Schipleidelaan;52.307825,6.910099;52.308180,6.909024
tertiary;Schipleidelaan;52.308629,6.907487;52.308869,6.906907
primary;Eektestraat;52.292001,6.929907;52.292060,6.929805
primary;Enschedesestraat;52.291720,6.930000;52.291657,6.930053
primary;Enschedesestraat;52.291512,6.930282;52.291743,6.930182
primary;Enschedesestraat;52.291657,6.930053;52.291517,6.930103
tertiary;Berkstraat;52.306209,6.918384;52.306091,6.918284
primary;Ossenmaatstraat;52.306177,6.918500;52.306209,6.918384
primary;Eektestraat;52.305728,6.919611;52.306177,6.918500
tertiary;Hunenveldlaan;52.317486,6.904970;52.318678,6.901181
foot;Nicolaas Beetslaan;52.309491,6.906809;52.309975,6.907228
foot;Nicolaas Beetslaan;52.309629,6.906387;52.310113,6.906808
foot;Nicolaas Beetslaan;52.309766,6.905969;52.310250,6.906389
foot;Hunenborglaan;52.317012,6.907973;52.317200,6.907065
foot;Hunenborglaan;52.316978,6.904842;52.317113,6.904411
residential;Zandhorstlaan;52.317072,6.902401;52.317211,6.902384
residential;Zandhorstlaan;52.317009,6.903029;52.317112,6.902723;52.317035,6.902655
foot;Hunenveldlaan;52.317606,6.903277;52.317653,6.903316;52.317780,6.902936
residential;Kleibultweg;52.300846,6.915659;52.300911,6.915500;52.301222,6.915094;52.301290,6.914904
foot;Morslaan;52.315831,6.901041;52.316080,6.900278
foot;Zandhorstlaan;52.315937,6.904614;52.315472,6.904217
foot;Peterskamplaan;52.315210,6.904968;52.315151,6.904917;52.315195,6.904507
foot;Peterskamplaan;52.315099,6.905300;52.315348,6.904553
foot;Peterskamplaan;52.314936,6.903971;52.315251,6.904064;52.315339,6.903225
foot;Peterskamplaan;52.314388,6.904589;52.314371,6.904744;52.314031,6.904638
foot;Peterskamplaan;52.314176,6.902852;52.314107,6.903467
foot;Morslaan;52.314963,6.900797;52.315171,6.900154
residential;Telgenkamp;52.312270,6.902974;52.312249,6.903041;52.312148,6.902954
foot;Dellenbeekstraat;52.296179,6.931529;52.296124,6.932122
foot;Dellenbeekstraat;52.296426,6.931596;52.296365,6.932171
foot;Dellenbeekstraat;52.296676,6.931664;52.296613,6.932240
foot;Dellenbeekstraat;52.296923,6.931731;52.296861,6.932309
foot;Dellenbeekstraat;52.297171,6.931799;52.297110,6.932379
foot;Dellenbeekstraat;52.297381,6.932411;52.297433,6.931736
foot;Titus Brandsmastraat;52.308801,6.919179;52.308680,6.918604
foot;Titus Brandsmastraat;52.308571,6.919308;52.308440,6.918682
foot;Titus Brandsmastraat;52.308342,6.919437;52.308215,6.918840
foot;Titus Brandsmastraat;52.307759,6.919116;52.307882,6.919694
foot;Titus Brandsmastraat;52.307975,6.918915;52.308111,6.919564
foot;Lindestraat;52.308634,6.920795;52.308242,6.921205
foot;Lindestraat;52.308479,6.920444;52.308101,6.920839
foot;Carmelstraat;52.306855,6.927078;52.307092,6.926521
residential;Oude Almeloseweg;52.308028,6.898657;52.308104,6.900284
primary;Eektestraat;52.294767,6.924295;52.293931,6.924418
primary;Eektestraat;52.293070,6.925099;52.293289,6.924878
tertiary;Kleibultweg;52.293925,6.924569;52.293931,6.924418
primary;Eektestraat;52.293862,6.924428;52.293292,6.924693;52.292802,6.925263;52.292462,6.926019;52.292320,6.926609;52.292264,6.927096
primary;Eektestraat;52.293931,6.924418;52.293862,6.924428
primary;Eektestraat;52.293861,6.924577;52.293925,6.924569
primary;Eektestraat;52.293289,6.924878;52.293861,6.924577
primary;Eektestraat;52.293925,6.924569;52.297637,6.924017
tertiary;Kleibultweg;52.293862,6.924428;52.293861,6.924577
primary;Eektestraat;52.292307,6.928142;52.292362,6.927110
primary;Eektestraat;52.292217,6.929357;52.292307,6.928142
primary;Eektestraat;52.292264,6.927096;52.292219,6.927973
secondary;Enschedesestraat;52.292825,6.930087;52.292684,6.930078
secondary;Enschedesestraat;52.293538,6.930159;52.293376,6.930126
secondary;Enschedesestraat;52.293658,6.930232;52.293918,6.930222
secondary;Enschedesestraat;52.293660,6.930173;52.293538,6.930159
secondary;Enschedesestraat;52.293918,6.930222;52.293660,6.930173
secondary;Lossersestraat;52.292694,6.930645;52.292718,6.930223
secondary;Lossersestraat;52.292625,6.930628;52.292531,6.931031
secondary;Lossersestraat;52.292640,6.930217;52.292718,6.930223
secondary;Lossersestraat;52.292684,6.930078;52.292640,6.930217
secondary;Lossersestraat;52.292718,6.930223;52.292684,6.930078
secondary;Enschedesestraat;52.297501,6.930925;52.297431,6.930965
secondary;Enschedesestraat;52.297431,6.930965;52.297497,6.930994
residential;J.H. Nieuwenhuisstraat;52.297856,6.931443;52.297880,6.931548
residential;J.H. Nieuwenhuisstraat;52.297880,6.931548;52.297894,6.931449
residential;Schelmaatstraat;52.297939,6.930342;52.297916,6.930508
residential;Schelmaatstraat;52.297962,6.930517;52.297939,6.930342
secondary;Lossersestraat;52.292567,6.932455;52.292669,6.932720
secondary;Lossersestraat;52.292527,6.932275;52.292567,6.932455
secondary;Lossersestraat;52.292611,6.932416;52.292527,6.932275
primary;Eektestraat;52.298684,6.923631;52.298050,6.923723
primary;Eektestraat;52.297637,6.924017;52.298024,6.923954
primary;Eektestraat;52.298050,6.923723;52.295775,6.924045;52.294767,6.924295
primary;Eektestraat;52.298024,6.923954;52.298091,6.923946
residential;Schelmaatstraat;52.298091,6.923946;52.298050,6.923723
residential;Wilhelminastraat;52.311307,6.931801;52.311345,6.931758
residential;Pastoriestraat;52.310639,6.929249;52.310596,6.929250;52.310597,6.929493
residential;Pastoriestraat;52.310678,6.928784;52.310641,6.928770
residential;Steenstraat;52.310736,6.927576;52.310794,6.927591
residential;Monnikstraat;52.313845,6.930505;52.313799,6.930441
cycle;Jacob van Deventerpad;52.313799,6.930441;52.313507,6.930742
foot;Sint Plechelmusplein;52.311914,6.928727;52.311887,6.928582;52.311925,6.928569;52.312070,6.927819
residential;Kerkstraat;52.312477,6.929433;52.312625,6.929361
pedestrian;Marktstraat;52.313160,6.930030;52.312893,6.930480
residential;Bisschopstraat;52.314711,6.930157;52.314685,6.930138
residential;Kloosterstraat;52.314763,6.929483;52.314757,6.930061;52.314711,6.930157
residential;Noordwal;52.314671,6.928134;52.314472,6.928206
residential;Noordwal;52.314237,6.926771;52.314411,6.926694
residential;Deurningerstraat;52.311900,6.925108;52.311952,6.925333
residential;Hofmeijerstraat;52.312338,6.930915;52.312307,6.931311;52.312421,6.932183;52.312430,6.932559
residential;Nicolaas Beetslaan;52.310247,6.904495;52.310773,6.902784
residential;Nicolaas Beetslaan;52.309036,6.908214;52.309068,6.908096
tertiary;Hazewinkelweg;52.302625,6.900834;52.302496,6.900881
foot;Elsmorsbaan;52.289674,6.913981;52.289580,6.912923;52.289594,6.911883;52.289729,6.910736;52.289950,6.909420;52.290221,6.908666;52.290601,6.907844;52.290855,6.907494;52.291589,6.906847;52.291771,6.906592;52.292184,6.905728;52.292319,6.905279;52.292410,6.904744
residential;Thijsniederhof;52.317380,6.905528;52.317611,6.905627;52.317543,6.905933;52.317795,6.906854;52.318043,6.906663;52.318301,6.905429
residential;Hengelosestraat;52.308197,6.907672;52.308245,6.907521
tertiary;Graveneslaan;52.313902,6.914752;52.313935,6.914493
tertiary;Graveneslaan;52.313935,6.914493;52.313850,6.914707
residential;Kretalaan;52.316332,6.917315;52.316451,6.917494
residential;Thijlaan;52.317398,6.913612;52.317426,6.913649
tertiary;Schipleidelaan;52.308591,6.907614;52.308629,6.907487
tertiary;Vondellaan;52.309036,6.908214;52.308693,6.907859
tertiary;Vondellaan;52.308693,6.907859;52.308623,6.907766
tertiary;Vondellaan;52.308582,6.907891;52.309036,6.908214
secondary;Beatrixstraat;52.308687,6.927310;52.308856,6.928710
residential;Bentinckstraat;52.314834,6.925893;52.315114,6.925396;52.315939,6.925271
residential;Glindestraat;52.317726,6.929132;52.317934,6.929840;52.318078,6.930998
tertiary;Graveneslaan;52.313846,6.914986;52.313902,6.914752
tertiary;Graveneslaan;52.313850,6.914707;52.313781,6.914934
cycle;Hazewinkelweg;52.299634,6.904436;52.299550,6.904559
residential;Bornsedijk;52.307478,6.905774;52.307882,6.907102;52.308245,6.907521
